Sample	1	2	3	4	5	6	7	8	9	10	11	12	13	14	15	16	17	18	19	20	21	22	X	MT
CTR_1	1.0701173352618654	0.9516642659061206	0.8798808971013325	0.5854437668978842	0.9540512021044407	1.0128101430849663	1.077692887012109	0.9566927710054376	1.1524215135360096	0.7496598193071129	1.3721402116070855	1.5703362404711811	0.4265044728763151	2.7682935827216144	0.8245033069453571	1.1230193889156432	1.8654894116847267	0.36917776101632827	1.0350923115661828	1.0265139897760192	0.6999874763820318	0.864348121069146	0.3778883314184006	1035.5539245144564
CTR_2	1.0240107763093116	0.8789637850033667	0.855645067816697	0.5372148873793295	0.9069776565293272	0.9839767719702893	1.0262785123930263	0.9296195779266151	1.1209991270424766	0.697221956795074	1.2612533396482493	1.4198042858003415	0.4053746267731178	3.352968100447244	0.7786971998565773	1.0904506527173468	2.6252839804828665	0.34039836387556105	1.057200629034929	1.0260459395828718	0.6897097555001067	0.8647109875731878	0.3610710877217442	1324.0930281834865
CTR_3	1.1261165693381048	1.0023401627985151	0.8152524804746913	0.6226521864185762	0.9974262742881288	0.8914756370802459	1.171364546704465	1.0274041044051028	1.016160868348733	0.7720732902767162	1.420408341067392	1.5040283483882337	0.4373335668494286	1.9632886873232658	0.821536306615555	1.3645758226927378	2.2190271047977284	0.365874990942055	1.062594495409288	1.1012852305532255	0.8622038777824987	0.8413125934880371	0.38681832520166404	1319.2620243506572
CTR_4	1.075315989986949	0.9660943580311326	0.814922136638835	0.5533130186287263	0.9138411781457858	0.89046460698139	0.9865522212228355	0.9209255941632267	1.2153012994054608	0.6648656501557212	1.357485009724664	1.6198342559903467	0.3848134839058285	2.8137511960942807	0.7260203156124504	1.3826955975675927	2.1242086336207087	0.33576053868601397	1.029782004100142	0.9382472589657189	1.2991980593156365	0.7368422825199634	0.36025993854221655	1421.2956986617423
CTR_5	1.0889258056405922	0.9895233746574603	0.8908778268791971	0.632086763976542	1.025204694672102	0.95925777856381	1.1234041498974858	1.004048249745939	1.0280808100673011	0.7647100118440131	1.3057476998599895	1.4499063706617379	0.4510796586143614	2.5519811649392947	0.8309478228635956	1.0983891577150857	2.2019563508920967	0.3782607587711445	0.9803501574091261	0.9997966668624726	0.6530456221653947	0.8007566757923639	0.3911798191335353	1011.7527448402773
CTR_6	1.1244712364767244	0.9999437561918415	0.8351953856566334	0.6274180493850222	1.0016508999356266	0.884799576927103	1.1881203614686262	1.018319792498421	0.9709135771105568	0.7824542044140491	1.3676022204776819	1.414058590305853	0.4485917056251434	2.1196974877816355	0.828284976895572	1.2819396487646875	2.424702852440377	0.3645637941545367	1.0210843678638595	1.1144362475224578	0.7312336505500405	0.8476922345985418	0.3867121038231397	1368.6121122018758
GEM_50_TAX_10_1	1.0883644220137052	0.9722314299663711	0.8786402030966709	0.5814506193234612	0.9723356515898175	0.9440534761278926	1.1167466088096178	0.9899292838055053	1.0124364955335141	0.7762003565673844	1.3490166867850648	1.4300340490143986	0.4179528921816998	2.666503220307334	0.8433944889966912	1.2030644961110764	2.194877817279622	0.38508131369823145	1.0438309162115973	1.059074692708627	0.6699524855151916	0.8533438283027214	0.38036120092127923	1115.213601596332
GEM_50_TAX_10_2	1.0700668560501803	0.9410166915000217	0.89518678553841	0.5468283708583644	0.9154437299995585	0.8872076891809718	1.106565376239671	0.9706645446501269	1.0742430875891906	0.7612065891294963	1.3611137734494092	1.4388127365551842	0.3999541330367107	2.9035880683856234	0.8204895676988601	1.2938376650722407	2.1708343094151203	0.36109158146086157	1.0782713152645986	1.0817857921075729	0.6727151773080784	0.8699620746865193	0.36197969363460425	1305.5955623075743
GEM_50_TAX_10_3	1.1032474621215422	0.9874018776516443	0.8663653925054263	0.5864723626067644	0.9912956593580431	0.9419048212230009	1.1586330367863649	1.024657083281656	1.0186367769393048	0.7931938624498578	1.359711305233437	1.4995039985523302	0.4134937302712054	2.2276844366278667	0.8482382912380874	1.2881854914991384	2.075440518175621	0.3923061171312228	1.0794793213672975	1.141815857050657	0.7630019300837961	0.8817411284882014	0.3809298967401095	1106.5518264161713
GEM_50_TAX_10_5	1.1054597405869055	1.0116991900547923	0.8947787782816757	0.6151020439896568	1.0198356151319277	1.0478479420125568	1.1297209396115537	0.9937778268297797	1.0031395645630534	0.7897706674263363	1.3163844332314343	1.455648794351992	0.4137472992539321	2.363377374538004	0.8599738080803658	1.1422128452110092	1.9342820486917323	0.4158713106983129	1.072673499372012	1.0773699692733227	0.7172825600111827	0.8634460920513098	0.38478741396932153	918.0425184190196
GEM_50_TAX_10_6	1.0551615153606833	0.9352156624301552	0.8801542080846727	0.5546542168779519	0.9564518502120337	0.9595703764551318	1.0894148535953743	0.9731905594345732	1.1158905174708733	0.7497913717921527	1.3027325507986114	1.5248266920484261	0.4146275448522889	2.8226526250093564	0.8053235209221038	1.1734295203243525	2.18093129032771	0.3697507868952713	1.0590594478881892	1.080917529025197	0.7369186903692687	0.859322259455133	0.365180409965124	1128.2206276344264
SIM_1	1.037795794340145	0.9338438691308262	0.8932314155817318	0.5666093431908268	0.9500233326735449	0.9313093792967324	1.102827656626506	0.9803322490769778	1.1294885617109025	0.7424998949373317	1.359820472801108	1.4289958255564401	0.4149214798189287	3.011415771803006	0.7953291877719504	1.1873846195896482	2.1245187322409578	0.3541777970525562	0.9795604902114703	1.011390021784999	0.6697774705962881	0.8219806684228733	0.37156558073422885	1455.3474606141242
SIM_2	1.066170453424402	0.9357606318275831	0.828968807838111	0.5591506875261414	0.9247819308351427	0.8318426552067213	1.1268516135512785	0.9954323024761709	1.0526256071636595	0.7542675832423554	1.3801047846324344	1.467987164498118	0.43144129207199605	2.5400312906281677	0.8028430084714484	1.3214779888994144	2.6466782378720684	0.34541879120237456	1.071080756408421	1.1382476003413402	0.7656555600610443	0.8657243677334103	0.36300728066759874	1346.2709722147013
SIM_3	1.0523726881714894	0.9477404209901719	0.9061329395643711	0.5829477876333915	0.9557408984931449	0.9845070495712313	1.089468469082745	0.9686970157979435	1.0764943761986034	0.7537479385196523	1.3012687845554987	1.4217841428456706	0.42684738717393356	2.982842667768648	0.804398658105163	1.106101487694665	2.23437067622153	0.36910489409336344	1.0157129856233942	1.0047165289219304	0.6589579603720758	0.8493913626476345	0.3749414970231364	875.4461787154387
SIM_4	1.113265406320607	1.011583968167385	0.8470048543149983	0.6387331085606176	1.033852088595396	0.8807266387980895	1.2247167834545334	1.0706110959480641	0.9383245711475551	0.8059347830864007	1.4142380734331181	1.4320340709962291	0.45498163135763897	1.986076464694576	0.8561692087844769	1.3557568864808014	2.1346269135508447	0.37578422158920183	1.027452795249846	1.1281516679737837	0.709688366355075	0.8439972825491775	0.39044138383699445	1138.4768446156527
SIM_5	1.1121646650557415	1.0195897476123388	0.8726177084557865	0.6340516100623056	1.0358163107258345	0.9207597272658891	1.1837334243083755	1.043371691398049	0.9472584768776657	0.8064269539912113	1.3602545692287271	1.4659809153238272	0.4791414693625524	2.0441377592243204	0.8461640600371595	1.2136213203662518	2.2317455158491195	0.3852403046910849	1.0220437763986685	1.0820403705176274	0.6792595729608375	0.8287573468274457	0.4023515668811855	1038.3719242505824
SIM_6	1.1022465823734169	1.0302977179302648	0.8618802830977195	0.6240473515658204	1.014191055717311	0.9493320208673948	1.1468542107221673	1.0324758513464192	1.008552533175602	0.7868362279200871	1.3188784454744378	1.5211921528814574	0.4471142527245997	2.441656093839514	0.8548053335814833	1.168614639602942	1.9636599048499406	0.39013858541465873	1.0109799500587677	1.0313438312187144	0.6213048375565142	0.8103121124296075	0.3912120181260103	884.116024283862
VPA_1	1.0429092950456726	0.8892158513645233	0.9174007703610263	0.5127213880469745	0.8822460735562703	0.9915502132243766	0.9634971392275076	0.8474999528664199	1.2207804883144568	0.7019395655431311	1.1701353234655807	1.3411889127722805	0.3598227205235619	3.438587622745035	0.7783444953660952	1.0043015829174877	3.1497385616525917	0.3626596940724	0.9984932348303587	0.9190374545279795	0.5996962304350391	0.8255137180945955	0.356982212455667	1001.4400167901598
VPA_2	1.0391621208654038	0.8768116249454085	0.8407233504812731	0.5259419304748817	0.8822787268315704	0.9434975499943623	1.0183609186585427	0.9020591499817814	1.1382239472175966	0.6993939341139866	1.25587360225149	1.3792207128802936	0.3855519477796495	3.098373394052857	0.7560475751703984	1.1130553837254127	3.3957322052355092	0.33776956856750767	0.9928443120839965	1.0057815901252254	0.6705614252667911	0.8507627062692537	0.3528578244372005	1137.3383903054212
VPA_3	1.0787943531522437	0.8808689353883281	0.888907021374554	0.5034209955948203	0.8662801125442638	0.9239511295802267	1.0228999842642146	0.8820709911680821	1.1979121388726457	0.7147304375741276	1.2464199544313703	1.3261875275328954	0.37104537489467654	3.2006758859801723	0.7564837113545374	1.136318394373866	3.16038420360962	0.3434027893419958	1.0067494075137895	1.0025754817741248	0.6472596187779621	0.8552636866507262	0.34756662351932005	1045.3201120037202
VPA_4	1.116739474117309	0.9957380122235249	0.8540694375990191	0.6208941272083282	1.0060941457835888	0.8548281526966058	1.1753828793430041	1.0363169418791034	0.9847911478401443	0.7869667449815235	1.4213812732313136	1.4413030013050687	0.44432870767618743	2.157135469497197	0.8277789740856728	1.2667360589826442	2.3333060720447234	0.36539807333209406	1.0267321089141626	1.1109415115407382	0.7169422410928425	0.8222692843878733	0.39025189358049395	1200.708923820431
VPA_5	1.0907206760421213	0.9896006998633518	0.8573324184606813	0.6250863519967603	1.0319826719418543	1.0473250118710051	1.1213724458458194	0.9908601199527589	0.9674281993306704	0.772856672659157	1.281342112300838	1.4434488075259897	0.4420841907888302	2.486228017644794	0.8393774760997469	1.1074044242403385	2.2554232514405674	0.38987608743178664	1.0755504111372638	1.0245656395546923	0.653745064718881	0.8500176771570748	0.39433861038807994	837.3062668280207
VPA_6	1.0765807731247883	0.9627857713789224	0.8640185871763341	0.5835521978205905	0.9840788721117244	1.0215841657807194	1.1406645979908236	1.0134733138566228	1.098129252670599	0.7633137612636314	1.406139131172954	1.532832786127297	0.43039561733265236	2.383581041615819	0.8309642538212973	1.2573224658985893	1.7629914470550698	0.3706452586182886	1.1186686353453728	1.1248595090521698	0.7980912321525403	0.8488140723711968	0.3772775760416054	1142.1790948039159
VPA_SIM_1	1.114801447273392	1.0032204065283465	0.8437212246690416	0.6006593579061343	1.0190350018117402	0.8779631054625205	1.204028728717464	1.0509456375166975	0.9361556951461751	0.8169614561081823	1.4087829345514362	1.4562796626922399	0.44167953041814145	1.98019763515693	0.8634999846060449	1.3666002420053305	2.1137646674676716	0.38902476611840914	1.0908050696091416	1.1863528072236913	0.8104373594605417	0.8742587019354127	0.3939266720852528	1224.0101581746696
VPA_SIM_2	1.1425769704450466	1.0047135015144735	0.826726015006051	0.5989116979176827	0.9893768751701608	0.7052238635558514	1.2163167959254224	1.016575325660979	0.8791407256448841	0.800724233596535	1.4532581758212022	1.3339470761241168	0.4307542545547906	1.8223858567745181	0.8297164035671775	1.5778792339009284	1.9425711198960822	0.36635572949253237	1.1351918368528018	1.368368106788476	1.2073462620459117	0.8486956964887983	0.40418858283787806	3606.7641414938053
VPA_SIM_3	1.1085195666856893	1.0091625814861183	0.8512977006463603	0.625965943183475	1.0283427282153157	0.8984180190082053	1.2005274841450975	1.0555799284989513	0.9557062596307857	0.797749422289594	1.4129021842814842	1.4562543950825795	0.46420343605167347	2.094441706430366	0.8476269977902774	1.308358531300096	2.0884105303980425	0.373158099410986	1.0360178406908822	1.1139817400414098	0.6952258056641407	0.8330139090237234	0.3968292262937743	1151.0384422205616
VPA_SIM_5	1.0319062468418334	0.9172574276559115	0.898099209114227	0.5504718369361589	0.9511690529317762	0.9411156473101139	1.091575622305684	0.9888528883252414	1.1361231294006104	0.729170756609454	1.29885802746522	1.429663664432128	0.40166402574448273	3.1148141203133966	0.7936265330355674	1.203789500873453	2.210317070592313	0.34345077225548765	1.0505466259747969	1.025190599058107	0.6469622164863476	0.8371226498259798	0.3658461892235258	1117.041554873051
VPA_SIM_6	1.0677040363940937	0.9507483598487553	0.8529048878011737	0.5814516632039883	0.9620426902053714	0.9147132544938245	1.1403239305340758	1.0082729117078664	1.037894312971712	0.7715381262782208	1.3296238043228088	1.4834022359285381	0.4355147607489775	2.838453827328997	0.825695730080157	1.2098909895180823	2.1198735651176843	0.3618659032383963	1.0687172245971004	1.06531428390337	0.6407360383644771	0.8438135023879225	0.3779699936600589	963.0026838160534
VS_GEM_50_TAX_10_1	1.1187121770837773	0.950274720632189	0.777688699715443	0.536533008217695	0.8932401140704392	0.7608030907748291	1.2044913895887297	0.9930395301620555	0.9029325817565556	0.7750780484592618	1.4043729279419073	1.3718259485934587	0.4236193706750373	1.9563992419787204	0.8231848160224534	1.5718254840220327	2.512157917660557	0.34216901170213176	1.3859066672733258	1.4754660432745719	1.1453942800922121	1.0159930419156542	0.3690220834178876	2275.3877757771584
VS_GEM_50_TAX_10_2	1.0796961425846914	0.9293553227663952	0.8959479204590398	0.5383129675879859	0.9269752685226311	0.8348972671955207	1.1530608159144815	0.9833670507172698	1.0503989691296292	0.7729774919074612	1.3503288519554542	1.3401781185037527	0.39329656731284707	2.8347230286914673	0.8253688728828809	1.3714702923101765	2.09544310504215	0.3521796604575445	1.207879884837651	1.1744158444181463	0.7472391669119971	0.8954589218328054	0.37610607321525913	1483.5090639555162
VS_GEM_50_TAX_10_3	1.0855765552670267	0.9878874743500788	0.8984353118764115	0.58245176056286	0.971164944767357	0.9510255694615722	1.0845847812807234	0.9768866244428033	1.0814904134182792	0.7617438535554667	1.2900691801913904	1.4311510263297187	0.4065498624530495	2.8695804664841016	0.842286631652923	1.1729358542011366	2.0780946107611378	0.3837017301918157	1.0422158921825317	1.03572344100936	0.6303005521614911	0.8363106666400567	0.37205045053372504	865.6627278602509
VS_GEM_50_TAX_10_4	1.0681531407473266	0.9380120483605854	0.8496111308497101	0.5444339297463283	0.9181272079688307	0.8910820876543252	1.0941270922996131	0.9657393922809598	1.1342180290628985	0.7477606078619009	1.3259044673912121	1.5196928989204532	0.3816044308034987	2.6488611385251435	0.8062057688910733	1.3136268977933712	2.4512579922430366	0.36385828982244817	1.0968295111361923	1.1210108246578847	0.7538606150354047	0.881077803634058	0.35754226369860964	1145.0009730797583
VS_GEM_50_TAX_10_5	1.110640857534323	0.9766204650696836	0.8273447594696844	0.5621464556774588	0.9529976387842468	0.8694348221815643	1.1767313624227163	1.0106588104862781	1.0137837781673966	0.7821515740895888	1.3890171288960733	1.4617119662286346	0.39702634391619973	2.1536795463523317	0.8363799452971981	1.4485689095846985	2.2067339048316623	0.37087415862368694	1.1640063803312086	1.258904887079428	0.8687443433453661	0.9120888851281045	0.3706893876168834	1371.8001428064074
VS_GEM_50_TAX_10_6	1.056397410455205	0.9229163315291746	0.9040910602888866	0.5255713626013633	0.9026890616611253	0.9611793180861775	1.0448209475288297	0.9052591177969145	1.1726190470147455	0.7356482925881352	1.2289719194849684	1.3705380532885265	0.3643128421254358	3.0612381394237245	0.7980773927801802	1.1712335697694847	2.6613658001951586	0.3737464024302779	1.0776875169273756	1.054909241096182	0.6686844094048499	0.8775187525489706	0.35946508100608143	1082.2933908958714
