	2.0	3.0	4.0	5.0	6.0	7.0	8.0	9.0	10.0	11.0	12.0	13.0	14.0	15.0	16.0	17.0	18.0	19.0	20.0	21.0	22.0	23.0	24.0	25.0	26.0	27.0	28.0	29.0	30.0	31.0	32.0	33.0	34.0	35.0	36.0	37.0
CTR_1	1.0	0.0	0.0	0.0	0.0	0.0	0.0	0.0	0.0	0.0	0.0	0.0	2.0	6.0	64.0	198.0	541.0	1274.0	2680.0	5680.0	11990.0	24261.0	44956.0	77350.0	124133.0	196054.0	285291.0	403937.0	559841.0	708404.0	891768.0	1173116.0	1704943.0	3792521.0	25284255.0	8480504.0
	2.0	3.0	4.0	5.0	6.0	7.0	8.0	9.0	10.0	11.0	12.0	13.0	14.0	15.0	16.0	17.0	18.0	19.0	20.0	21.0	22.0	23.0	24.0	25.0	26.0	27.0	28.0	29.0	30.0	31.0	32.0	33.0	34.0	35.0	36.0	37.0
CTR_2	1.0	0.0	0.0	0.0	0.0	0.0	0.0	0.0	0.0	0.0	0.0	0.0	2.0	18.0	88.0	321.0	811.0	1651.0	3312.0	6620.0	13166.0	24418.0	43110.0	72337.0	116102.0	182580.0	269859.0	383578.0	538062.0	826471.0	947595.0	1107848.0	1598753.0	3509217.0	22439416.0	7341311.0
	2.0	3.0	4.0	5.0	6.0	7.0	8.0	9.0	10.0	11.0	12.0	13.0	14.0	15.0	16.0	17.0	18.0	19.0	20.0	21.0	22.0	23.0	24.0	25.0	26.0	27.0	28.0	29.0	30.0	31.0	32.0	33.0	34.0	35.0	36.0	37.0
CTR_3	2.0	0.0	0.0	0.0	0.0	0.0	0.0	0.0	0.0	0.0	0.0	0.0	4.0	19.0	97.0	291.0	726.0	1705.0	3749.0	7933.0	16450.0	31327.0	54886.0	88923.0	136732.0	208936.0	297351.0	439149.0	778822.0	785923.0	841069.0	1095216.0	1596469.0	3517850.0	22531674.0	7210363.0
	14.0	15.0	16.0	17.0	18.0	19.0	20.0	21.0	22.0	23.0	24.0	25.0	26.0	27.0	28.0	29.0	30.0	31.0	32.0	33.0	34.0	35.0	36.0	37.0
CTR_4	4.0	18.0	117.0	363.0	951.0	2052.0	4348.0	9932.0	21321.0	37673.0	58420.0	89756.0	135237.0	206452.0	294167.0	408702.0	548268.0	718680.0	931497.0	1295429.0	1796210.0	3804325.0	23796910.0	7624172.0
	14.0	15.0	16.0	17.0	18.0	19.0	20.0	21.0	22.0	23.0	24.0	25.0	26.0	27.0	28.0	29.0	30.0	31.0	32.0	33.0	34.0	35.0	36.0	37.0
CTR_5	1.0	14.0	92.0	358.0	827.0	1764.0	3498.0	7038.0	14068.0	27822.0	51132.0	88229.0	144039.0	228282.0	334660.0	472276.0	639128.0	844742.0	1112725.0	1538766.0	2074880.0	4464768.0	30296640.0	10178941.0
	14.0	15.0	16.0	17.0	18.0	19.0	20.0	21.0	22.0	23.0	24.0	25.0	26.0	27.0	28.0	29.0	30.0	31.0	32.0	33.0	34.0	35.0	36.0	37.0
CTR_6	2.0	19.0	120.0	353.0	831.0	1826.0	3555.0	7678.0	15179.0	28723.0	51816.0	87216.0	137682.0	214826.0	312901.0	441278.0	602460.0	852780.0	1193923.0	1357493.0	1853657.0	4105979.0	26355874.0	8380577.0
	14.0	15.0	16.0	17.0	18.0	19.0	20.0	21.0	22.0	23.0	24.0	25.0	26.0	27.0	28.0	29.0	30.0	31.0	32.0	33.0	34.0	35.0	36.0	37.0
GEM_50_TAX_10_1	2.0	18.0	91.0	363.0	846.0	1816.0	3474.0	6798.0	13685.0	26099.0	48634.0	84506.0	138881.0	222385.0	331241.0	471689.0	644888.0	851816.0	1096725.0	1433798.0	2069293.0	4609259.0	30837120.0	10389354.0
	2.0	3.0	4.0	5.0	6.0	7.0	8.0	9.0	10.0	11.0	12.0	13.0	14.0	15.0	16.0	17.0	18.0	19.0	20.0	21.0	22.0	23.0	24.0	25.0	26.0	27.0	28.0	29.0	30.0	31.0	32.0	33.0	34.0	35.0	36.0	37.0
GEM_50_TAX_10_2	11.0	0.0	0.0	0.0	0.0	0.0	0.0	0.0	0.0	0.0	0.0	1.0	13.0	83.0	598.0	2055.0	5631.0	12687.0	26468.0	57795.0	122763.0	251466.0	466123.0	789811.0	1218618.0	1821113.0	2548500.0	3494264.0	4647091.0	6050993.0	7683464.0	10112219.0	14373233.0	31351487.0	205237474.0	69855201.0
	2.0	3.0	4.0	5.0	6.0	7.0	8.0	9.0	10.0	11.0	12.0	13.0	14.0	15.0	16.0	17.0	18.0	19.0	20.0	21.0	22.0	23.0	24.0	25.0	26.0	27.0	28.0	29.0	30.0	31.0	32.0	33.0	34.0	35.0	36.0	37.0
GEM_50_TAX_10_3	1.0	0.0	0.0	0.0	0.0	0.0	0.0	0.0	0.0	0.0	0.0	0.0	0.0	6.0	65.0	241.0	686.0	1516.0	3073.0	6707.0	13557.0	26728.0	49626.0	84490.0	137242.0	215466.0	314460.0	440195.0	617565.0	784897.0	964203.0	1261892.0	1840852.0	4093167.0	25941710.0	8172414.0
	14.0	15.0	16.0	17.0	18.0	19.0	20.0	21.0	22.0	23.0	24.0	25.0	26.0	27.0	28.0	29.0	30.0	31.0	32.0	33.0	34.0	35.0	36.0	37.0
GEM_50_TAX_10_5	1.0	12.0	64.0	230.0	567.0	1280.0	2646.0	5649.0	11731.0	23941.0	44587.0	76747.0	122465.0	190056.0	273638.0	380574.0	510527.0	677794.0	855864.0	1112592.0	1618637.0	3602606.0	23604615.0	7695362.0
	2.0	3.0	4.0	5.0	6.0	7.0	8.0	9.0	10.0	11.0	12.0	13.0	14.0	15.0	16.0	17.0	18.0	19.0	20.0	21.0	22.0	23.0	24.0	25.0	26.0	27.0	28.0	29.0	30.0	31.0	32.0	33.0	34.0	35.0	36.0	37.0
GEM_50_TAX_10_6	3.0	0.0	0.0	0.0	0.0	0.0	0.0	0.0	0.0	0.0	0.0	0.0	3.0	20.0	72.0	330.0	824.0	1787.0	3707.0	8178.0	16855.0	32861.0	59975.0	101779.0	160423.0	247755.0	354237.0	492159.0	659822.0	868080.0	1108368.0	1440410.0	2052594.0	4455744.0	29050361.0	9767397.0
	2.0	3.0	4.0	5.0	6.0	7.0	8.0	9.0	10.0	11.0	12.0	13.0	14.0	15.0	16.0	17.0	18.0	19.0	20.0	21.0	22.0	23.0	24.0	25.0	26.0	27.0	28.0	29.0	30.0	31.0	32.0	33.0	34.0	35.0	36.0	37.0
SIM_1	2.0	0.0	0.0	0.0	0.0	0.0	0.0	0.0	0.0	0.0	0.0	0.0	2.0	14.0	98.0	356.0	859.0	2026.0	3975.0	8843.0	18728.0	37847.0	69896.0	118329.0	183996.0	279537.0	392011.0	537590.0	712159.0	929245.0	1165450.0	1508851.0	2148323.0	4608007.0	30687384.0	10963517.0
	2.0	3.0	4.0	5.0	6.0	7.0	8.0	9.0	10.0	11.0	12.0	13.0	14.0	15.0	16.0	17.0	18.0	19.0	20.0	21.0	22.0	23.0	24.0	25.0	26.0	27.0	28.0	29.0	30.0	31.0	32.0	33.0	34.0	35.0	36.0	37.0
SIM_2	1.0	0.0	0.0	0.0	0.0	0.0	0.0	0.0	0.0	0.0	0.0	0.0	2.0	12.0	90.0	451.0	1105.0	2432.0	4518.0	9377.0	18393.0	34177.0	60081.0	100274.0	160053.0	249942.0	365280.0	511132.0	689657.0	913395.0	1171296.0	1470431.0	2097978.0	4532438.0	29421705.0	10212294.0
	14.0	15.0	16.0	17.0	18.0	19.0	20.0	21.0	22.0	23.0	24.0	25.0	26.0	27.0	28.0	29.0	30.0	31.0	32.0	33.0	34.0	35.0	36.0	37.0
SIM_3	1.0	15.0	110.0	333.0	797.0	1671.0	2915.0	5698.0	11393.0	22479.0	42041.0	73794.0	123020.0	198525.0	299980.0	429788.0	587625.0	778493.0	1003883.0	1308663.0	1898755.0	4205688.0	27917405.0	9339103.0
	15.0	16.0	17.0	18.0	19.0	20.0	21.0	22.0	23.0	24.0	25.0	26.0	27.0	28.0	29.0	30.0	31.0	32.0	33.0	34.0	35.0	36.0	37.0
SIM_4	12.0	80.0	286.0	776.0	1579.0	3266.0	6688.0	14017.0	27798.0	51932.0	89684.0	141903.0	219330.0	316147.0	435394.0	583968.0	764708.0	971187.0	1262197.0	1823838.0	4015035.0	26123153.0	8526022.0
	2.0	3.0	4.0	5.0	6.0	7.0	8.0	9.0	10.0	11.0	12.0	13.0	14.0	15.0	16.0	17.0	18.0	19.0	20.0	21.0	22.0	23.0	24.0	25.0	26.0	27.0	28.0	29.0	30.0	31.0	32.0	33.0	34.0	35.0	36.0	37.0
SIM_5	1.0	0.0	0.0	0.0	0.0	0.0	0.0	0.0	0.0	0.0	0.0	1.0	3.0	6.0	61.0	224.0	627.0	1307.0	2565.0	5317.0	10805.0	21428.0	40687.0	70137.0	114424.0	180900.0	267609.0	378040.0	519367.0	691911.0	859284.0	1124350.0	1633738.0	3627190.0	23879544.0	7707094.0
	2.0	3.0	4.0	5.0	6.0	7.0	8.0	9.0	10.0	11.0	12.0	13.0	14.0	15.0	16.0	17.0	18.0	19.0	20.0	21.0	22.0	23.0	24.0	25.0	26.0	27.0	28.0	29.0	30.0	31.0	32.0	33.0	34.0	35.0	36.0	37.0
SIM_6	1.0	0.0	0.0	0.0	0.0	0.0	0.0	0.0	0.0	0.0	0.0	0.0	1.0	11.0	71.0	274.0	624.0	1474.0	2970.0	6125.0	12359.0	24618.0	45739.0	79331.0	128276.0	203152.0	296565.0	419502.0	567993.0	757251.0	959517.0	1265841.0	1857240.0	4174626.0	27470543.0	8764450.0
	14.0	15.0	16.0	17.0	18.0	19.0	20.0	21.0	22.0	23.0	24.0	25.0	26.0	27.0	28.0	29.0	30.0	31.0	32.0	33.0	34.0	35.0	36.0	37.0
VPA_1	1.0	18.0	88.0	352.0	791.0	1615.0	3167.0	6291.0	12337.0	23825.0	43337.0	75303.0	121211.0	188716.0	273920.0	383026.0	513767.0	688768.0	982748.0	1219700.0	1580997.0	3462680.0	22721799.0	7442248.0
	14.0	15.0	16.0	17.0	18.0	19.0	20.0	21.0	22.0	23.0	24.0	25.0	26.0	27.0	28.0	29.0	30.0	31.0	32.0	33.0	34.0	35.0	36.0	37.0
VPA_2	3.0	25.0	138.0	526.0	1218.0	2498.0	4691.0	8915.0	16885.0	30745.0	52490.0	86607.0	133619.0	206880.0	298962.0	434680.0	805062.0	958244.0	857428.0	1102020.0	1596424.0	3492360.0	22722958.0	7631435.0
	2.0	3.0	4.0	5.0	6.0	7.0	8.0	9.0	10.0	11.0	12.0	13.0	14.0	15.0	16.0	17.0	18.0	19.0	20.0	21.0	22.0	23.0	24.0	25.0	26.0	27.0	28.0	29.0	30.0	31.0	32.0	33.0	34.0	35.0	36.0	37.0
VPA_3	1.0	0.0	0.0	0.0	0.0	0.0	0.0	0.0	0.0	0.0	0.0	0.0	4.0	15.0	95.0	379.0	1002.0	2276.0	4847.0	10794.0	21168.0	40257.0	69460.0	112992.0	174210.0	270547.0	398754.0	620535.0	1505090.0	1443804.0	1075919.0	1383369.0	1992681.0	4323807.0	29831352.0	10885027.0
	15.0	16.0	17.0	18.0	19.0	20.0	21.0	22.0	23.0	24.0	25.0	26.0	27.0	28.0	29.0	30.0	31.0	32.0	33.0	34.0	35.0	36.0	37.0
VPA_4	28.0	137.0	496.0	1112.0	2354.0	4517.0	8722.0	17122.0	32517.0	57300.0	95123.0	150259.0	233851.0	339169.0	475185.0	638976.0	840413.0	1112832.0	1552177.0	2035396.0	4278367.0	28828742.0	9937191.0
	14.0	15.0	16.0	17.0	18.0	19.0	20.0	21.0	22.0	23.0	24.0	25.0	26.0	27.0	28.0	29.0	30.0	31.0	32.0	33.0	34.0	35.0	36.0	37.0
VPA_5	1.0	16.0	86.0	308.0	800.0	1593.0	2858.0	5734.0	11056.0	21167.0	38624.0	64956.0	105351.0	166146.0	245584.0	357973.0	586384.0	721616.0	787289.0	1041407.0	1530310.0	3480924.0	22414307.0	7017276.0
	14.0	15.0	16.0	17.0	18.0	19.0	20.0	21.0	22.0	23.0	24.0	25.0	26.0	27.0	28.0	29.0	30.0	31.0	32.0	33.0	34.0	35.0	36.0	37.0
VPA_6	3.0	13.0	59.0	203.0	603.0	1555.0	3445.0	7601.0	15536.0	30075.0	52854.0	88249.0	139179.0	216010.0	313754.0	436525.0	589226.0	775764.0	1007966.0	1326227.0	1864593.0	4087327.0	26342836.0	8734671.0
	2.0	3.0	4.0	5.0	6.0	7.0	8.0	9.0	10.0	11.0	12.0	13.0	14.0	15.0	16.0	17.0	18.0	19.0	20.0	21.0	22.0	23.0	24.0	25.0	26.0	27.0	28.0	29.0	30.0	31.0	32.0	33.0	34.0	35.0	36.0	37.0
VPA_SIM_1	1.0	0.0	0.0	0.0	0.0	0.0	0.0	0.0	0.0	0.0	0.0	0.0	1.0	17.0	103.0	348.0	864.0	1957.0	3972.0	8182.0	16430.0	31421.0	56693.0	94904.0	150370.0	233630.0	338079.0	472240.0	636035.0	840550.0	1053683.0	1379768.0	2014737.0	4460251.0	27861820.0	8537454.0
	2.0	3.0	4.0	5.0	6.0	7.0	8.0	9.0	10.0	11.0	12.0	13.0	14.0	15.0	16.0	17.0	18.0	19.0	20.0	21.0	22.0	23.0	24.0	25.0	26.0	27.0	28.0	29.0	30.0	31.0	32.0	33.0	34.0	35.0	36.0	37.0
VPA_SIM_2	1.0	0.0	0.0	0.0	0.0	0.0	0.0	0.0	0.0	0.0	0.0	0.0	2.0	33.0	107.0	534.0	1339.0	3193.0	6598.0	13469.0	26525.0	49604.0	86062.0	140185.0	214501.0	323554.0	454964.0	615197.0	808945.0	1030670.0	1277846.0	1671839.0	2434507.0	5110996.0	31182536.0	10231005.0
	15.0	16.0	17.0	18.0	19.0	20.0	21.0	22.0	23.0	24.0	25.0	26.0	27.0	28.0	29.0	30.0	31.0	32.0	33.0	34.0	35.0	36.0	37.0
VPA_SIM_3	12.0	56.0	254.0	655.0	1526.0	2943.0	6155.0	12569.0	24428.0	45070.0	78929.0	127767.0	202557.0	296027.0	420242.0	574915.0	746861.0	948066.0	1247939.0	1832500.0	4136869.0	26495715.0	8118380.0
	2.0	3.0	4.0	5.0	6.0	7.0	8.0	9.0	10.0	11.0	12.0	13.0	14.0	15.0	16.0	17.0	18.0	19.0	20.0	21.0	22.0	23.0	24.0	25.0	26.0	27.0	28.0	29.0	30.0	31.0	32.0	33.0	34.0	35.0	36.0	37.0
VPA_SIM_5	1.0	0.0	0.0	0.0	0.0	0.0	0.0	0.0	0.0	0.0	0.0	0.0	0.0	13.0	94.0	350.0	805.0	1836.0	3458.0	7142.0	14342.0	27618.0	50190.0	86517.0	141375.0	223278.0	330281.0	470422.0	639503.0	849993.0	1088885.0	1433140.0	2052866.0	4506788.0	30525250.0	10525900.0
	2.0	3.0	4.0	5.0	6.0	7.0	8.0	9.0	10.0	11.0	12.0	13.0	14.0	15.0	16.0	17.0	18.0	19.0	20.0	21.0	22.0	23.0	24.0	25.0	26.0	27.0	28.0	29.0	30.0	31.0	32.0	33.0	34.0	35.0	36.0	37.0
VPA_SIM_6	1.0	0.0	0.0	0.0	0.0	0.0	0.0	0.0	0.0	0.0	0.0	0.0	1.0	15.0	87.0	328.0	795.0	1730.0	3412.0	7014.0	14602.0	29347.0	55106.0	94097.0	150455.0	231751.0	334886.0	468930.0	638950.0	824784.0	1040192.0	1360175.0	1978513.0	4367672.0	29445982.0	10050380.0
	2.0	3.0	4.0	5.0	6.0	7.0	8.0	9.0	10.0	11.0	12.0	13.0	14.0	15.0	16.0	17.0	18.0	19.0	20.0	21.0	22.0	23.0	24.0	25.0	26.0	27.0	28.0	29.0	30.0	31.0	32.0	33.0	34.0	35.0	36.0	37.0
VS_GEM_50_TAX_10_1	4.0	0.0	0.0	0.0	0.0	0.0	0.0	0.0	0.0	0.0	0.0	1.0	5.0	35.0	120.0	502.0	1342.0	2901.0	6074.0	12228.0	23425.0	42669.0	74720.0	123237.0	192471.0	293049.0	416891.0	574538.0	764582.0	1003434.0	1284668.0	1611037.0	2208729.0	4611997.0	29348990.0	10826293.0
	14.0	15.0	16.0	17.0	18.0	19.0	20.0	21.0	22.0	23.0	24.0	25.0	26.0	27.0	28.0	29.0	30.0	31.0	32.0	33.0	34.0	35.0	36.0	37.0
VS_GEM_50_TAX_10_2	1.0	18.0	126.0	434.0	1206.0	2307.0	4392.0	8701.0	17394.0	34259.0	62937.0	108840.0	174894.0	271215.0	395544.0	556313.0	779824.0	1103015.0	1211060.0	1546357.0	2249888.0	4997372.0	32176290.0	10426404.0
	2.0	3.0	4.0	5.0	6.0	7.0	8.0	9.0	10.0	11.0	12.0	13.0	14.0	15.0	16.0	17.0	18.0	19.0	20.0	21.0	22.0	23.0	24.0	25.0	26.0	27.0	28.0	29.0	30.0	31.0	32.0	33.0	34.0	35.0	36.0	37.0
VS_GEM_50_TAX_10_3	1.0	0.0	0.0	0.0	0.0	0.0	0.0	0.0	0.0	0.0	0.0	0.0	0.0	15.0	55.0	234.0	568.0	1290.0	2649.0	5676.0	11958.0	23912.0	45288.0	80854.0	132603.0	212355.0	312556.0	446120.0	613638.0	791518.0	1000757.0	1322103.0	1936059.0	4351903.0	28609543.0	9179837.0
	14.0	15.0	16.0	17.0	18.0	19.0	20.0	21.0	22.0	23.0	24.0	25.0	26.0	27.0	28.0	29.0	30.0	31.0	32.0	33.0	34.0	35.0	36.0	37.0
VS_GEM_50_TAX_10_4	4.0	8.0	78.0	296.0	815.0	1891.0	4001.0	8565.0	17513.0	34716.0	64118.0	108858.0	171348.0	264166.0	376451.0	519060.0	693138.0	902091.0	1133018.0	1492923.0	2147680.0	4568783.0	30162183.0	10542872.0
	15.0	16.0	17.0	18.0	19.0	20.0	21.0	22.0	23.0	24.0	25.0	26.0	27.0	28.0	29.0	30.0	31.0	32.0	33.0	34.0	35.0	36.0	37.0
VS_GEM_50_TAX_10_5	8.0	63.0	263.0	787.0	1902.0	4227.0	9122.0	18331.0	35191.0	61697.0	102031.0	157999.0	243199.0	346002.0	478498.0	643539.0	849356.0	1096438.0	1413666.0	1973469.0	4210520.0	27232120.0	9614664.0
	14.0	15.0	16.0	17.0	18.0	19.0	20.0	21.0	22.0	23.0	24.0	25.0	26.0	27.0	28.0	29.0	30.0	31.0	32.0	33.0	34.0	35.0	36.0	37.0
VS_GEM_50_TAX_10_6	2.0	3.0	61.0	322.0	884.0	1869.0	3949.0	8315.0	16953.0	33239.0	60940.0	103787.0	165804.0	256749.0	370419.0	515479.0	689976.0	924434.0	1221486.0	1506394.0	2111377.0	4617875.0	30908935.0	10712761.0

