Sample	20	22	24	26	28	30	32	34	36	38	40	42	44	46	48	50	52	54	56	58	60	62	64	66	68	70	72	74	76	78	80	82	84	86	88	90	92	94	96	98	100
CTR_1	249.0	434.0	611.0	723.0	828.0	837.0	845.0	898.0	933.0	1051.0	1146.0	1272.0	1286.0	1243.0	1422.0	1476.0	1464.0	1606.0	1697.0	1915.0	2204.0	2253.0	2475.0	2499.0	2677.0	3111.0	3699.0	3764.0	4215.0	5334.0	6308.0	7235.0	9168.0	11641.0	15965.0	24558.0	57540.0	375077.0	3932134.0	26017365.0	13210436.0
CTR_2	336.0	491.0	827.0	989.0	1010.0	1047.0	1084.0	1137.0	1257.0	1336.0	1442.0	1487.0	1659.0	1644.0	1725.0	1836.0	1940.0	2043.0	2075.0	2342.0	2936.0	2806.0	3128.0	3252.0	3529.0	4190.0	4880.0	4891.0	5419.0	6403.0	7692.0	9115.0	11296.0	13682.0	18236.0	27155.0	57415.0	335978.0	3480258.0	23255797.0	11782856.0
CTR_3	338.0	463.0	765.0	934.0	1006.0	1002.0	1068.0	1072.0	1096.0	1452.0	1867.0	1930.0	1931.0	1950.0	2099.0	2055.0	2199.0	2268.0	2530.0	3019.0	5808.0	4913.0	4733.0	3872.0	4427.0	5072.0	5748.0	5886.0	6386.0	7292.0	8847.0	10768.0	12889.0	15175.0	20003.0	29457.0	60897.0	347902.0	3521488.0	23152686.0	11817134.0
CTR_4	356.0	545.0	833.0	950.0	1065.0	1123.0	1042.0	1180.0	1365.0	2650.0	3782.0	4394.0	3695.0	3399.0	2629.0	2285.0	2313.0	2427.0	2634.0	3185.0	4431.0	3672.0	4068.0	3958.0	4124.0	4988.0	5638.0	6180.0	6422.0	7687.0	9448.0	11471.0	14200.0	17414.0	21917.0	30553.0	62654.0	341830.0	3584617.0	24665138.0	12675736.0
CTR_5	332.0	517.0	821.0	1000.0	1177.0	1106.0	1141.0	1302.0	1348.0	1631.0	1793.0	1927.0	1889.0	1943.0	2207.0	2388.0	2514.0	2675.0	2872.0	3354.0	5384.0	4263.0	4793.0	4545.0	5204.0	6103.0	7221.0	7416.0	8084.0	9563.0	11559.0	13585.0	16122.0	19173.0	25797.0	37747.0	78549.0	458368.0	4725005.0	30950580.0	15740563.0
CTR_6	399.0	638.0	965.0	1149.0	1234.0	1281.0	1340.0	1356.0	1365.0	1598.0	1742.0	1779.0	1834.0	1940.0	2202.0	2628.0	2468.0	2665.0	3018.0	3431.0	4458.0	4572.0	5170.0	5159.0	5808.0	6886.0	8253.0	8691.0	9403.0	11293.0	13616.0	16211.0	18975.0	21979.0	28130.0	40117.0	78175.0	409630.0	4092873.0	26909625.0	13750421.0
GEM_50_TAX_10_1	325.0	531.0	841.0	1022.0	1028.0	1085.0	1206.0	1287.0	1302.0	1390.0	1609.0	1603.0	1623.0	1686.0	1779.0	1895.0	1928.0	2137.0	2151.0	2268.0	2496.0	2639.0	2792.0	2904.0	3210.0	3732.0	4292.0	4144.0	4936.0	6136.0	6958.0	7912.0	9588.0	12329.0	18250.0	29060.0	68986.0	455402.0	4826593.0	31723299.0	16012109.0
GEM_50_TAX_10_2	2313.0	3711.0	5968.0	7072.0	7649.0	7808.0	8411.0	8795.0	8973.0	9892.0	11373.0	11433.0	12086.0	11978.0	12832.0	13574.0	13550.0	14419.0	15008.0	16255.0	19821.0	19189.0	20751.0	22071.0	24338.0	28277.0	32950.0	32501.0	38767.0	48790.0	56749.0	64509.0	80945.0	101197.0	142563.0	224355.0	520405.0	3199758.0	32847933.0	214335282.0	107583857.0
GEM_50_TAX_10_3	276.0	370.0	685.0	853.0	930.0	950.0	1026.0	1020.0	988.0	1131.0	1349.0	1276.0	1348.0	1488.0	1478.0	1632.0	1689.0	1783.0	1806.0	2015.0	2267.0	2411.0	2676.0	2813.0	3078.0	3661.0	4262.0	4397.0	5045.0	6312.0	7754.0	8853.0	11031.0	13607.0	18754.0	28817.0	65326.0	396984.0	4087737.0	26707963.0	13490781.0
GEM_50_TAX_10_5	248.0	380.0	573.0	692.0	780.0	765.0	856.0	857.0	896.0	979.0	1060.0	1146.0	1223.0	1195.0	1255.0	1363.0	1363.0	1434.0	1439.0	1526.0	1710.0	1764.0	1925.0	1956.0	2058.0	2449.0	2578.0	2591.0	2994.0	3566.0	4291.0	5095.0	6723.0	8766.0	12580.0	20476.0	51766.0	349909.0	3696911.0	24295295.0	12289208.0
GEM_50_TAX_10_6	331.0	525.0	835.0	1008.0	1021.0	1112.0	1164.0	1192.0	1230.0	1473.0	1590.0	1702.0	1698.0	1704.0	1825.0	1830.0	1794.0	1957.0	2023.0	2240.0	2887.0	2518.0	2733.0	2891.0	3160.0	3703.0	3954.0	3993.0	4761.0	5753.0	6745.0	8059.0	10883.0	13654.0	18756.0	29271.0	69706.0	435410.0	4549341.0	30281528.0	15331548.0
SIM_1	312.0	536.0	838.0	1013.0	1110.0	1129.0	1150.0	1311.0	1270.0	1489.0	1769.0	1825.0	1796.0	1869.0	2009.0	2046.0	2030.0	2132.0	2294.0	2340.0	2712.0	2656.0	2856.0	3093.0	3494.0	3786.0	4391.0	4435.0	5173.0	6418.0	7753.0	9129.0	11889.0	15266.0	21005.0	33169.0	76808.0	472401.0	4915397.0	32489672.0	16220137.0
SIM_2	435.0	702.0	1144.0	1297.0	1376.0	1525.0	1526.0	1620.0	1551.0	1775.0	1923.0	1920.0	2078.0	1993.0	2212.0	2419.0	2339.0	2455.0	2587.0	2983.0	3309.0	3505.0	4058.0	4246.0	4782.0	5668.0	6882.0	7008.0	8413.0	10398.0	12245.0	14282.0	17546.0	21900.0	28105.0	41714.0	84913.0	461819.0	4643908.0	30877270.0	15610099.0
SIM_3	222.0	430.0	635.0	764.0	790.0	901.0	994.0	974.0	1052.0	1217.0	1254.0	1360.0	1429.0	1485.0	1577.0	1635.0	1595.0	1657.0	1860.0	1962.0	2091.0	2234.0	2338.0	2500.0	2571.0	3065.0	3523.0	3580.0	4226.0	5147.0	6056.0	7320.0	9286.0	11533.0	17428.0	27736.0	65147.0	422245.0	4402919.0	28787426.0	14407809.0
SIM_4	247.0	454.0	677.0	845.0	896.0	961.0	936.0	1060.0	1090.0	1169.0	1301.0	1337.0	1456.0	1367.0	1527.0	1673.0	1600.0	1640.0	1794.0	1816.0	2033.0	2019.0	2209.0	2440.0	2610.0	3032.0	3213.0	3197.0	3763.0	4731.0	5380.0	6298.0	8130.0	10373.0	15359.0	25143.0	60404.0	398416.0	4137323.0	27017602.0	13620756.0
SIM_5	207.0	350.0	544.0	652.0	762.0	852.0	829.0	908.0	890.0	1014.0	1134.0	1173.0	1257.0	1260.0	1315.0	1436.0	1430.0	1536.0	1663.0	1669.0	1815.0	1851.0	1899.0	2097.0	2243.0	2553.0	2745.0	2784.0	3185.0	3934.0	4525.0	5287.0	6766.0	8559.0	12651.0	21445.0	53173.0	354734.0	3736110.0	24465686.0	12387449.0
SIM_6	211.0	428.0	613.0	704.0	781.0	819.0	930.0	967.0	947.0	1160.0	1341.0	1200.0	1309.0	1397.0	1404.0	1560.0	1545.0	1611.0	1798.0	1815.0	1953.0	1891.0	2074.0	2276.0	2185.0	2462.0	2840.0	2804.0	3309.0	4056.0	4627.0	5373.0	7182.0	9439.0	13679.0	23012.0	57715.0	401067.0	4253428.0	28009554.0	14188535.0
VPA_1	267.0	444.0	657.0	775.0	875.0	865.0	937.0	987.0	1069.0	1437.0	1632.0	1604.0	1659.0	1826.0	1891.0	2018.0	2079.0	2218.0	2428.0	2937.0	4857.0	3820.0	4648.0	4467.0	5371.0	6816.0	6858.0	6901.0	7384.0	8823.0	10670.0	12571.0	15073.0	17498.0	22534.0	32440.0	64332.0	350473.0	3584345.0	23397145.0	11719907.0
VPA_2	468.0	706.0	1156.0	1276.0	1321.0	1379.0	1393.0	1575.0	1593.0	1851.0	1890.0	2003.0	2035.0	2105.0	2249.0	2423.0	2611.0	2640.0	2825.0	3258.0	4552.0	4154.0	4652.0	4582.0	5149.0	6058.0	7473.0	7653.0	8235.0	9859.0	12158.0	14065.0	16989.0	19716.0	24951.0	35757.0	67972.0	352556.0	3546038.0	23580491.0	11953343.0
VPA_3	452.0	707.0	1145.0	1273.0	1463.0	1565.0	1514.0	1604.0	1771.0	2162.0	2576.0	2630.0	2642.0	2953.0	3505.0	3876.0	4388.0	4648.0	5032.0	6258.0	9418.0	9205.0	11062.0	10716.0	12571.0	15983.0	19361.0	20702.0	22269.0	26462.0	33072.0	39013.0	46020.0	50919.0	62042.0	81005.0	132020.0	520672.0	4788143.0	30898020.0	15483324.0
VPA_4	416.0	724.0	1146.0	1281.0	1381.0	1416.0	1494.0	1546.0	1734.0	1909.0	2093.0	2079.0	2129.0	2116.0	2346.0	2329.0	2468.0	2651.0	2726.0	2968.0	4107.0	3429.0	3859.0	3835.0	4156.0	4629.0	5423.0	5514.0	6180.0	7317.0	8749.0	10324.0	12950.0	15962.0	21186.0	32452.0	72744.0	440639.0	4546466.0	29867054.0	15106265.0
VPA_5	256.0	444.0	611.0	734.0	812.0	844.0	905.0	947.0	1063.0	1175.0	1310.0	1322.0	1360.0	1381.0	1439.0	1485.0	1482.0	1518.0	1632.0	1737.0	2052.0	1842.0	2038.0	2147.0	2155.0	2463.0	2703.0	2699.0	2968.0	3448.0	4089.0	4788.0	5721.0	7286.0	11173.0	18622.0	46819.0	323038.0	3441953.0	22809285.0	11594233.0
VPA_6	362.0	566.0	901.0	1065.0	1208.0	1187.0	1264.0	1309.0	1299.0	1451.0	1605.0	1548.0	1629.0	1726.0	1794.0	1919.0	1773.0	1857.0	2013.0	2191.0	2782.0	2666.0	2870.0	2889.0	3289.0	3654.0	4042.0	4075.0	4791.0	5589.0	6969.0	8242.0	10362.0	13279.0	17599.0	27372.0	63403.0	397449.0	4102799.0	27304060.0	13892590.0
VPA_SIM_1	365.0	540.0	933.0	1034.0	1131.0	1161.0	1274.0	1265.0	1267.0	1460.0	1559.0	1532.0	1668.0	1803.0	1723.0	1845.0	1934.0	1882.0	1957.0	2121.0	2214.0	2288.0	2458.0	2646.0	2956.0	3302.0	3605.0	3512.0	4148.0	5131.0	6051.0	7194.0	9821.0	12643.0	16355.0	26135.0	64156.0	416431.0	4358362.0	28676613.0	14522578.0
VPA_SIM_2	707.0	1115.0	1782.0	2002.0	2162.0	2327.0	2372.0	2405.0	2330.0	2602.0	2881.0	2927.0	3066.0	2961.0	2948.0	3177.0	3070.0	3148.0	3266.0	3506.0	4207.0	4372.0	4919.0	5100.0	5732.0	6826.0	8097.0	7786.0	9668.0	12761.0	14433.0	15528.0	18699.0	22706.0	30121.0	45245.0	96645.0	507142.0	4919006.0	32542966.0	17252460.0
VPA_SIM_3	198.0	398.0	651.0	745.0	851.0	838.0	941.0	967.0	1018.0	1098.0	1276.0	1331.0	1384.0	1378.0	1536.0	1538.0	1521.0	1644.0	1670.0	1769.0	1995.0	2012.0	2038.0	2181.0	2291.0	2707.0	2908.0	2889.0	3378.0	4008.0	4701.0	5625.0	7192.0	9365.0	13951.0	22902.0	58000.0	391539.0	4109633.0	26984104.0	13638844.0
VPA_SIM_5	340.0	549.0	790.0	950.0	1000.0	1112.0	1182.0	1262.0	1253.0	1460.0	1639.0	1669.0	1778.0	1850.0	1913.0	2058.0	2020.0	2172.0	2216.0	2412.0	2696.0	2893.0	3231.0	3358.0	3732.0	4179.0	5051.0	5250.0	5956.0	7372.0	9137.0	10605.0	12956.0	16305.0	22889.0	34521.0	76251.0	460956.0	4787153.0	31575129.0	15850228.0
VPA_SIM_6	274.0	475.0	727.0	929.0	982.0	1057.0	1087.0	1146.0	1210.0	1321.0	1479.0	1504.0	1649.0	1608.0	1725.0	1870.0	1835.0	2018.0	2053.0	2180.0	2374.0	2401.0	2550.0	2749.0	3042.0	3385.0	3938.0	3978.0	4604.0	5986.0	6563.0	7399.0	8976.0	11410.0	16815.0	27543.0	66120.0	437415.0	4626538.0	30503909.0	15300921.0
VS_GEM_50_TAX_10_1	796.0	1081.0	1755.0	2052.0	2058.0	2193.0	2312.0	2260.0	2239.0	2302.0	2636.0	2398.0	2581.0	2629.0	2876.0	3228.0	3163.0	3233.0	3376.0	3878.0	4461.0	4787.0	5609.0	6122.0	7397.0	8766.0	10230.0	9901.0	11734.0	14663.0	17019.0	18565.0	21375.0	24235.0	32980.0	47586.0	99607.0	488312.0	4789900.0	31243910.0	16314551.0
VS_GEM_50_TAX_10_2	481.0	729.0	1179.0	1273.0	1383.0	1421.0	1473.0	1563.0	1563.0	1706.0	1903.0	1921.0	2217.0	2041.0	2428.0	2656.0	2608.0	2716.0	2928.0	3283.0	5289.0	4832.0	5590.0	4890.0	5632.0	6503.0	8593.0	8132.0	10210.0	14573.0	15850.0	15132.0	16126.0	19716.0	27510.0	42009.0	89575.0	504601.0	5135267.0	33072995.0	16799266.0
VS_GEM_50_TAX_10_3	217.0	400.0	586.0	678.0	807.0	776.0	846.0	873.0	896.0	1044.0	1187.0	1213.0	1261.0	1381.0	1499.0	1534.0	1571.0	1664.0	1647.0	1850.0	1980.0	2163.0	2272.0	2455.0	2665.0	3164.0	3511.0	3570.0	4254.0	5247.0	6136.0	7218.0	8754.0	11079.0	16449.0	26794.0	64778.0	426056.0	4484839.0	29238508.0	14695886.0
VS_GEM_50_TAX_10_4	373.0	582.0	944.0	1068.0	1168.0	1200.0	1294.0	1243.0	1229.0	1467.0	1657.0	1667.0	1738.0	1753.0	1916.0	2117.0	2035.0	2247.0	2353.0	2700.0	3366.0	3253.0	3685.0	3979.0	4666.0	5354.0	6552.0	6564.0	7749.0	9930.0	12090.0	14178.0	17832.0	22012.0	28264.0	41752.0	87519.0	480159.0	4820539.0	31554386.0	15960198.0
VS_GEM_50_TAX_10_5	403.0	629.0	1033.0	1199.0	1265.0	1334.0	1414.0	1367.0	1380.0	1577.0	1743.0	1813.0	1921.0	1866.0	1944.0	2168.0	2105.0	2188.0	2316.0	2610.0	3113.0	3170.0	3453.0	3838.0	4457.0	5337.0	6354.0	6405.0	7676.0	9625.0	11606.0	13661.0	17458.0	21509.0	27234.0	39884.0	82195.0	440078.0	4366641.0	28691241.0	14573653.0
VS_GEM_50_TAX_10_6	337.0	588.0	928.0	1081.0	1129.0	1214.0	1176.0	1300.0	1356.0	1553.0	1763.0	1729.0	1918.0	1897.0	2188.0	2397.0	2429.0	2651.0	2829.0	3132.0	4439.0	4200.0	4806.0	4959.0	5774.0	6924.0	8493.0	9013.0	10437.0	12907.0	15764.0	18846.0	23181.0	27565.0	35531.0	50889.0	98301.0	504803.0	4957612.0	32100547.0	16056320.0
