	34	36	38	40	42	44	46	48	50	52	54	56	58	60	62	64	66	68	70	72	74	76	78	80	82	84	86	88	90	92	94	96	98	100
CTR_1	1.0	0.0	0.0	0.0	0.0	0.0	0.0	1.0	0.0	0.0	0.0	0.0	0.0	0.0	0.0	0.0	0.0	0.0	0.0	0.0	0.0	0.0	0.0	0.0	0.0	3.0	57.0	1441.0	5743.0	8866.0	65888.0	1124576.0	14326565.0	28240629.0
	34	36	38	40	42	44	46	48	50	52	54	56	58	60	62	64	66	68	70	72	74	76	78	80	82	84	86	88	90	92	94	96	98	100
CTR_2	1.0	0.0	0.0	0.0	0.0	0.0	0.0	0.0	0.0	0.0	0.0	0.0	0.0	0.0	0.0	0.0	0.0	0.0	0.0	0.0	0.0	0.0	0.0	0.0	1.0	3.0	49.0	1228.0	5169.0	7753.0	57082.0	990976.0	12986272.0	25378113.0
	34	36	38	40	42	44	46	48	50	52	54	56	58	60	62	64	66	68	70	72	74	76	78	80	82	84	86	88	90	92	94	96	98	100
CTR_3	2.0	0.0	0.0	0.0	0.0	0.0	0.0	0.0	0.0	1.0	0.0	0.0	0.0	0.0	0.0	0.0	0.0	0.0	0.0	0.0	0.0	0.0	0.0	0.0	0.0	5.0	65.0	1230.0	5557.0	8199.0	58611.0	989967.0	12570042.0	26011987.0
	48	50	52	54	56	58	60	62	64	66	68	70	72	74	76	78	80	82	84	86	88	90	92	94	96	98	100
CTR_4	1.0	0.0	0.0	0.0	0.0	0.0	0.0	0.0	0.0	0.0	0.0	0.0	0.0	0.0	0.0	0.0	0.0	1.0	8.0	54.0	1170.0	4946.0	7344.0	55166.0	988885.0	13894030.0	26833399.0
	83	84	85	86	87	88	89	90	91	92	93	94	95	96	97	98	99	100
CTR_5	1.0	0.0	12.0	45.0	70.0	378.0	1404.0	4731.0	2623.0	2682.0	7669.0	22477.0	55000.0	241904.0	1089644.0	3840637.0	12731068.0	34524345.0
	67	68	69	70	71	72	73	74	75	76	77	78	79	80	81	82	83	84	85	86	87	88	89	90	91	92	93	94	95	96	97	98	99	100
CTR_6	1.0	0.0	0.0	0.0	0.0	0.0	0.0	0.0	0.0	0.0	0.0	0.0	0.0	0.0	0.0	0.0	0.0	2.0	7.0	35.0	63.0	315.0	1168.0	3938.0	2418.0	2497.0	6992.0	19524.0	47731.0	209461.0	936761.0	3293115.0	11282698.0	30200022.0
	48	50	52	54	56	58	60	62	64	66	68	70	72	74	76	78	80	82	84	86	88	90	92	94	96	98	100
GEM_50_TAX_10_1	1.0	3.0	0.0	0.0	0.0	0.0	0.0	0.0	0.0	0.0	0.0	0.0	0.0	0.0	0.0	0.0	0.0	2.0	11.0	88.0	1692.0	7350.0	10582.0	80044.0	1374990.0	17118401.0	34689617.0
	34	36	38	40	42	44	46	48	50	52	54	56	58	60	62	64	66	68	70	72	74	76	78	80	82	84	86	88	90	92	94	96	98	100
GEM_50_TAX_10_2	12.0	0.0	1.0	1.0	0.0	0.0	0.0	3.0	1.0	2.0	1.0	0.0	0.0	0.0	0.0	1.0	0.0	0.0	0.0	0.0	0.0	0.0	0.0	0.0	4.0	53.0	694.0	11480.0	50391.0	77490.0	553581.0	9420282.0	118179577.0	231835588.0
	34	36	38	40	42	44	46	48	50	52	54	56	58	60	62	64	66	68	70	72	74	76	78	80	82	84	86	88	90	92	94	96	98	100
GEM_50_TAX_10_3	1.0	0.0	0.0	0.0	0.0	0.0	0.0	0.0	0.0	0.0	0.0	1.0	0.0	0.0	0.0	0.0	0.0	0.0	0.0	0.0	0.0	0.0	0.0	0.0	0.0	5.0	79.0	1367.0	6423.0	9491.0	67990.0	1157376.0	14598148.0	29129878.0
	84	85	86	87	88	89	90	91	92	93	94	95	96	97	98	99	100
GEM_50_TAX_10_5	3.0	2.0	18.0	48.0	281.0	1022.0	3620.0	2028.0	2115.0	6143.0	17676.0	43923.0	191453.0	853958.0	3011848.0	10069370.0	26608677.0
	34	36	38	40	42	44	46	48	50	52	54	56	58	60	62	64	66	68	70	72	74	76	78	80	82	84	86	88	90	92	94	96	98	100
GEM_50_TAX_10_6	3.0	0.0	0.0	0.0	0.0	0.0	0.0	0.0	0.0	0.0	0.0	0.0	0.0	0.0	0.0	0.0	0.0	0.0	0.0	0.0	0.0	0.0	0.0	0.0	1.0	6.0	77.0	1597.0	6856.0	9939.0	74501.0	1277602.0	16665103.0	32848059.0
	34	36	38	40	42	44	46	48	50	52	54	56	58	60	62	64	66	68	70	72	74	76	78	80	82	84	86	88	90	92	94	96	98	100
SIM_1	2.0	0.0	0.0	0.0	0.0	0.0	0.0	1.0	0.0	0.0	0.0	0.0	0.0	0.0	0.0	0.0	0.0	0.0	0.0	0.0	0.0	0.0	0.0	0.0	0.0	7.0	88.0	1645.0	7382.0	11126.0	78454.0	1364418.0	17741899.0	35172023.0
	34	36	38	40	42	44	46	48	50	52	54	56	58	60	62	64	66	68	70	72	74	76	78	80	82	84	86	88	90	92	94	96	98	100
SIM_2	2.0	0.0	0.0	0.0	0.0	0.0	0.0	0.0	0.0	0.0	0.0	0.0	0.0	0.0	0.0	1.0	1.0	0.0	0.0	0.0	0.0	0.0	0.0	0.0	1.0	4.0	112.0	1601.0	7324.0	10793.0	76684.0	1310537.0	17105891.0	33513563.0
	52	53	54	55	56	57	58	59	60	61	62	63	64	65	66	67	68	69	70	71	72	73	74	75	76	77	78	79	80	81	82	83	84	85	86	87	88	89	90	91	92	93	94	95	96	97	98	99	100
SIM_3	1.0	0.0	0.0	0.0	0.0	0.0	0.0	0.0	0.0	0.0	0.0	0.0	0.0	0.0	0.0	0.0	0.0	0.0	0.0	0.0	0.0	0.0	0.0	0.0	0.0	0.0	0.0	0.0	0.0	0.0	0.0	0.0	6.0	9.0	22.0	58.0	330.0	1151.0	4262.0	2516.0	2649.0	7502.0	21137.0	51668.0	224324.0	1028186.0	3647951.0	11912493.0	31347910.0
	34	36	38	40	42	44	46	48	50	52	54	56	58	60	62	64	66	68	70	72	74	76	78	80	82	84	86	88	90	92	94	96	98	100
SIM_4	1.0	0.0	0.0	0.0	0.0	0.0	0.0	0.0	0.0	0.0	0.0	0.0	0.0	1.0	0.0	0.0	1.0	0.0	0.0	0.0	0.0	0.0	0.0	0.0	2.0	8.0	85.0	1530.0	6766.0	9825.0	69277.0	1165493.0	14399136.0	29726875.0
	34	36	38	40	42	44	46	48	50	52	54	56	58	60	62	64	66	68	70	72	74	76	78	80	82	84	86	88	90	92	94	96	98	100
SIM_5	1.0	0.0	0.0	0.0	0.0	0.0	0.0	0.0	0.0	0.0	0.0	0.0	0.0	0.0	0.0	0.0	0.0	0.0	0.0	0.0	0.0	0.0	0.0	1.0	1.0	10.0	82.0	1301.0	5873.0	8569.0	62220.0	1050604.0	12942456.0	27065502.0
	34	36	38	40	42	44	46	48	50	52	54	56	58	60	62	64	66	68	70	72	74	76	78	80	82	84	86	88	90	92	94	96	98	100
SIM_6	1.0	0.0	0.0	0.0	0.0	0.0	0.0	0.0	0.0	0.0	0.0	0.0	0.0	0.0	0.0	0.0	0.0	0.0	0.0	0.0	0.0	0.0	0.0	0.0	0.0	6.0	90.0	1564.0	6858.0	9627.0	72352.0	1212153.0	15073943.0	30661960.0
	34	36	38	40	42	44	46	48	50	52	54	56	58	60	62	64	66	68	70	72	74	76	78	80	82	84	86	88	90	92	94	96	98	100
VPA_1	1.0	0.0	0.0	0.0	0.0	0.0	0.0	0.0	0.0	0.0	0.0	0.0	0.0	0.0	0.0	0.0	0.0	0.0	0.0	0.0	0.0	0.0	0.0	0.0	0.0	10.0	66.0	1191.0	5278.0	7916.0	58405.0	1022801.0	12899344.0	25751693.0
	52	53	54	55	56	57	58	59	60	61	62	63	64	65	66	67	68	69	70	71	72	73	74	75	76	77	78	79	80	81	82	83	84	85	86	87	88	89	90	91	92	93	94	95	96	97	98	99	100
VPA_2	1.0	0.0	0.0	0.0	0.0	0.0	0.0	0.0	0.0	0.0	0.0	0.0	0.0	0.0	0.0	0.0	0.0	0.0	0.0	0.0	0.0	0.0	0.0	0.0	0.0	0.0	0.0	1.0	0.0	0.0	0.0	0.0	0.0	3.0	25.0	61.0	266.0	1002.0	3325.0	1891.0	2073.0	6000.0	16721.0	40323.0	175524.0	830097.0	2963694.0	10227236.0	26176570.0
	34	36	38	40	42	44	46	48	50	52	54	56	58	60	62	64	66	68	70	72	74	76	78	80	82	84	86	88	90	92	94	96	98	100
VPA_3	1.0	1.0	0.0	1.0	0.0	0.0	0.0	0.0	0.0	0.0	1.0	0.0	0.0	0.0	0.0	0.0	0.0	0.0	0.0	0.0	0.0	0.0	1.0	0.0	1.0	11.0	100.0	1643.0	7327.0	10943.0	78265.0	1371479.0	17300962.0	35397649.0
	40	42	44	46	48	50	52	54	56	58	60	62	64	66	68	70	72	74	76	78	80	82	84	86	88	90	92	94	96	98	100
VPA_4	1.0	0.0	0.0	0.0	0.0	0.0	0.0	0.0	0.0	3.0	1.0	0.0	0.0	0.0	0.0	0.0	0.0	0.0	0.0	0.0	0.0	0.0	9.0	89.0	1650.0	7431.0	10935.0	76374.0	1286271.0	16084101.0	33175121.0
	48	50	52	54	56	58	60	62	64	66	68	70	72	74	76	78	80	82	84	86	88	90	92	94	96	98	100
VPA_5	1.0	0.0	0.0	0.0	0.0	0.0	0.0	0.0	0.0	0.0	0.0	0.0	0.0	0.0	0.0	0.0	0.0	0.0	13.0	59.0	1282.0	5249.0	7670.0	57700.0	971940.0	12246097.0	25311755.0
	48	50	52	54	56	58	60	62	64	66	68	70	72	74	76	78	80	82	84	86	88	90	92	94	96	98	100
VPA_6	1.0	0.0	0.0	0.0	0.0	0.0	0.0	0.0	0.0	0.0	0.0	0.0	0.0	0.0	0.0	0.0	0.0	2.0	11.0	87.0	1344.0	6185.0	9613.0	70277.0	1170433.0	15219402.0	29556919.0
	34	36	38	40	42	44	46	48	50	52	54	56	58	60	62	64	66	68	70	72	74	76	78	80	82	84	86	88	90	92	94	96	98	100
VPA_SIM_1	2.0	0.0	0.0	0.0	0.0	0.0	0.0	0.0	0.0	1.0	0.0	0.0	0.0	0.0	0.0	0.0	0.0	0.0	0.0	0.0	0.0	0.0	0.0	0.0	1.0	12.0	89.0	1522.0	6932.0	10110.0	73314.0	1229163.0	15454526.0	31417838.0
	34	36	38	40	42	44	46	48	50	52	54	56	58	60	62	64	66	68	70	72	74	76	78	80	82	84	86	88	90	92	94	96	98	100
VPA_SIM_2	1.0	0.0	0.0	0.0	0.0	0.0	0.0	0.0	0.0	0.0	0.0	0.0	0.0	0.0	0.0	0.0	0.0	0.0	0.0	0.0	0.0	0.0	0.0	0.0	2.0	7.0	79.0	1577.0	7557.0	12808.0	81535.0	1361863.0	17991404.0	36227379.0
	85	86	87	88	89	90	91	92	93	94	95	96	97	98	99	100
VPA_SIM_3	3.0	33.0	62.0	329.0	1230.0	4211.0	2337.0	2741.0	7006.0	20425.0	49103.0	216267.0	952058.0	3360421.0	11062249.0	29641960.0
	34	36	38	40	42	44	46	48	50	52	54	56	58	60	62	64	66	68	70	72	74	76	78	80	82	84	86	88	90	92	94	96	98	100
VPA_SIM_5	1.0	0.0	0.0	0.0	0.0	0.0	1.0	0.0	0.0	0.0	0.0	0.0	0.0	0.0	0.0	0.0	0.0	0.0	0.0	0.0	0.0	0.0	0.0	0.0	1.0	9.0	93.0	1710.0	7230.0	10800.0	79409.0	1368184.0	17381876.0	34130733.0
	34	36	38	40	42	44	46	48	50	52	54	56	58	60	62	64	66	68	70	72	74	76	78	80	82	84	86	88	90	92	94	96	98	100
VPA_SIM_6	1.0	0.0	0.0	0.0	0.0	0.0	1.0	0.0	0.0	0.0	0.0	0.0	0.0	0.0	0.0	0.0	0.0	0.0	0.0	0.0	0.0	0.0	0.0	0.0	1.0	10.0	80.0	1566.0	7319.0	10808.0	76504.0	1318365.0	16589624.0	33094926.0
	34	36	38	40	42	44	46	48	50	52	54	56	58	60	62	64	66	68	70	72	74	76	78	80	82	84	86	88	90	92	94	96	98	100
VS_GEM_50_TAX_10_1	4.0	0.0	0.0	0.0	0.0	0.0	0.0	1.0	0.0	0.0	0.0	0.0	0.0	1.0	0.0	0.0	0.0	0.0	0.0	1.0	0.0	0.0	0.0	0.0	0.0	10.0	75.0	1448.0	6964.0	11848.0	77005.0	1351526.0	17811095.0	34163964.0
	48	50	52	54	56	58	60	62	64	66	68	70	72	74	76	78	80	82	84	86	88	90	92	94	96	98	100
VS_GEM_50_TAX_10_2	1.0	0.0	0.0	0.0	0.0	0.0	0.0	1.0	0.0	0.0	0.0	0.0	0.0	0.0	0.0	0.0	0.0	1.0	11.0	102.0	1573.0	7489.0	12532.0	83851.0	1464430.0	18239169.0	36319631.0
	34	36	38	40	42	44	46	48	50	52	54	56	58	60	62	64	66	68	70	72	74	76	78	80	82	84	86	88	90	92	94	96	98	100
VS_GEM_50_TAX_10_3	1.0	0.0	0.0	0.0	0.0	0.0	0.0	0.0	0.0	0.0	0.0	0.0	0.0	0.0	0.0	0.0	1.0	0.0	0.0	0.0	0.0	0.0	0.0	0.0	0.0	7.0	115.0	1580.0	6810.0	10374.0	75177.0	1282252.0	15845985.0	31859190.0
	83	84	85	86	87	88	89	90	91	92	93	94	95	96	97	98	99	100
VS_GEM_50_TAX_10_4	1.0	4.0	6.0	31.0	80.0	375.0	1275.0	4707.0	2702.0	2977.0	8480.0	23443.0	57436.0	242503.0	1128411.0	3880577.0	13720662.0	34140906.0
	48	50	52	54	56	58	60	62	64	66	68	70	72	74	76	78	80	82	84	86	88	90	92	94	96	98	100
VS_GEM_50_TAX_10_5	1.0	2.0	0.0	1.0	0.0	0.0	0.0	0.0	0.0	0.0	0.0	0.0	0.0	0.0	0.0	0.0	0.0	0.0	6.0	79.0	1524.0	6815.0	10540.0	73653.0	1240064.0	16022159.0	31138248.0
	34	36	38	40	42	44	46	48	50	52	54	56	58	60	62	64	66	68	70	72	74	76	78	80	82	84	86	88	90	92	94	96	98	100
VS_GEM_50_TAX_10_6	1.0	0.0	0.0	0.0	0.0	0.0	0.0	0.0	0.0	1.0	0.0	0.0	0.0	0.0	0.0	0.0	0.0	0.0	0.0	0.0	0.0	0.0	1.0	0.0	0.0	13.0	99.0	1740.0	7481.0	11642.0	82069.0	1416332.0	17787868.0	34924766.0

