Sample	1.0	2.0	3.0	4.0	5.0	6.0	7.0	8.0	9.0	>10	>50	>100	>500	>1k	>5k	>10k+	1.0	2.0	3.0	4.0	5.0	6.0	7.0	8.0	9.0	1.0	2.0	3.0	4.0	5.0	6.0	7.0	8.0	9.0	1.0	2.0	3.0	4.0	5.0	6.0	7.0	8.0	9.0	1.0	2.0	3.0	4.0	5.0	6.0	7.0	8.0	9.0	1.0	2.0	3.0	4.0	5.0	6.0	7.0	8.0	9.0	1.0	2.0	3.0	4.0	5.0	6.0	7.0	8.0	9.0	1.0	2.0	3.0	4.0	5.0	6.0	7.0	8.0	9.0	1.0	2.0	3.0	4.0	5.0	6.0	7.0	8.0	9.0	1.0	2.0	3.0	4.0	5.0	6.0	7.0	8.0	9.0	1.0	2.0	3.0	4.0	5.0	6.0	7.0	8.0	9.0	1.0	2.0	3.0	4.0	5.0	6.0	7.0	8.0	9.0	1.0	2.0	3.0	4.0	5.0	6.0	7.0	8.0	9.0	1.0	2.0	3.0	4.0	5.0	6.0	7.0	8.0	9.0	1.0	2.0	3.0	4.0	5.0	6.0	7.0	8.0	9.0	1.0	2.0	3.0	4.0	5.0	6.0	7.0	8.0	9.0	1.0	2.0	3.0	4.0	5.0	6.0	7.0	8.0	9.0	1.0	2.0	3.0	4.0	5.0	6.0	7.0	8.0	9.0	1.0	2.0	3.0	4.0	5.0	6.0	7.0	8.0	9.0	1.0	2.0	3.0	4.0	5.0	6.0	7.0	8.0	9.0	1.0	2.0	3.0	4.0	5.0	6.0	7.0	8.0	9.0	1.0	2.0	3.0	4.0	5.0	6.0	7.0	8.0	9.0	1.0	2.0	3.0	4.0	5.0	6.0	7.0	8.0	9.0	1.0	2.0	3.0	4.0	5.0	6.0	7.0	8.0	9.0	1.0	2.0	3.0	4.0	5.0	6.0	7.0	8.0	9.0	1.0	2.0	3.0	4.0	5.0	6.0	7.0	8.0	9.0	1.0	2.0	3.0	4.0	5.0	6.0	7.0	8.0	9.0	1.0	2.0	3.0	4.0	5.0	6.0	7.0	8.0	9.0	1.0	2.0	3.0	4.0	5.0	6.0	7.0	8.0	9.0	1.0	2.0	3.0	4.0	5.0	6.0	7.0	8.0	9.0	1.0	2.0	3.0	4.0	5.0	6.0	7.0	8.0	9.0	1.0	2.0	3.0	4.0	5.0	6.0	7.0	8.0	9.0	1.0	2.0	3.0	4.0	5.0	6.0	7.0	8.0	9.0	1.0	2.0	3.0	4.0	5.0	6.0	7.0	8.0	9.0
CTR_1										7.530090829392651	2.034546126232732	3.444886171525105	1.2345895296644585	2.7787453174806314	1.277643602679356	3.7759198921350245																																																																																																																																																																																																																																																																																																									
CTR_2										6.9143954788616	2.1840187221033323	3.854060516528224	1.4040366402370992	3.172930445333808	1.4212171996056675	4.9907818033358575																																																																																																																																																																																																																																																																																																									
CTR_3										5.570273716604069	1.5649639132667832	3.1221275269491406	1.3050052831578955	2.7231853813070823	1.2414230628506784	3.34334915575261																																																																																																																																																																																																																																																																																																									
CTR_4										6.782138264932261	2.255950968468129	4.709359537868426	2.2489488866214424	5.261503414199411	2.095653729298324	5.015533372225936																																																																																																																																																																																																																																																																																																									
CTR_5										7.346466041175867	1.8627302143222038	3.188259774745113	0.9876518303801086	2.133941450776675	0.921082545335895	3.7550189139882866																																																																																																																																																																																																																																																																																																									
CTR_6										5.841491163517719	1.4946946487675286	2.858932708921645	1.109244852104269	2.9590993721794865	1.0810369185967854	3.6883692792110145																																																																																																																																																																																																																																																																																																									
GEM_50_TAX_10_1										7.119842030423554	1.712090003500465	2.8288091514515763	0.9786874509364342	2.3353631425623753	1.1589761113575396	3.236397639050085																																																																																																																																																																																																																																																																																																									
GEM_50_TAX_10_2										14.131223926873393	3.3340716053304145	5.063279983827723	1.5469705915660892	2.7062356353519035	1.1449045581918293	7.078327081143156																																																																																																																																																																																																																																																																																																									
GEM_50_TAX_10_3										6.148018746886947	1.5551354300281628	2.7327209437574123	1.1794997731823036	2.8305653504956907	1.3703085148111112	2.67642301030356																																																																																																																																																																																																																																																																																																									
GEM_50_TAX_10_5										6.617155679205842	1.655110129190767	2.6662238431589795	0.9507103362366938	2.121953777314394	1.0465621466839437	2.632889382492802																																																																																																																																																																																																																																																																																																									
GEM_50_TAX_10_6										7.263477794568425	2.001653249865436	3.535857143508938	1.3237235903813407	3.2243144092836946	1.4055082543545396	3.826199405238579																																																																																																																																																																																																																																																																																																									
SIM_1										6.9482572671898515	1.8355069198780196	3.5187319777627026	1.2046116365402164	3.058555045807212	1.442076702976031	3.856564547341399																																																																																																																																																																																																																																																																																																									
SIM_2										5.9879186362944665	1.710037740247606	3.280303997828319	1.2540884218272401	3.4843336141154806	1.6841389898971784	3.8376309996721147																																																																																																																																																																																																																																																																																																									
SIM_3										6.8616047068929475	1.6338258831623782	2.8121898249079873	0.8523620979643429	2.0982100757999884	1.1479690985827324	3.815550533056523																																																																																																																																																																																																																																																																																																									
SIM_4										5.610190323746711	1.462590733145245	2.4678604180721235	1.0008955566158413	2.2298158364969187	1.005442947251772	2.027802091292806																																																																																																																																																																																																																																																																																																									
SIM_5										6.02019380838188	1.5438743776924027	2.5690558529671836	0.882324599224708	1.9731538626649188	0.9814036660697205	1.999271795222166																																																																																																																																																																																																																																																																																																									
SIM_6										7.042290834729674	1.673190374165962	2.6926006961018616	0.8211017255179427	2.124485458122326	1.146442801552703	2.7297445548529877																																																																																																																																																																																																																																																																																																									
VPA_1										6.863368954510858	1.8344792004296235	3.21413273253716	1.0865691864712246	2.5748409488741077	1.2064253005713481	5.218340902979541																																																																																																																																																																																																																																																																																																									
VPA_2										6.378222376792719	1.8490239607092889	3.46256540526777	1.3197081039038432	3.4642369328918057	1.4079612762781424	5.778222825694492																																																																																																																																																																																																																																																																																																									
VPA_3										6.877273839614065	1.802434989510879	3.2240723157259406	1.2335980137610292	2.9036804236003	1.3631499488825753	7.692632698645406																																																																																																																																																																																																																																																																																																									
VPA_4										6.097005304873694	1.6361521563661774	2.9258465585244613	1.0418229584590404	2.483054836947836	1.0089673468871594	3.095245355012149																																																																																																																																																																																																																																																																																																									
VPA_5										6.898489572621245	1.7550331290064936	3.0229517365794574	0.8833899313549526	1.8577388554935002	1.1373608141612417	3.556284513312052																																																																																																																																																																																																																																																																																																									
VPA_6										7.233401124220393	1.9632271271042476	3.6565506818134774	1.3490037866167441	3.1913876339196663	1.195452013101616	3.7576067172423246																																																																																																																																																																																																																																																																																																									
VPA_SIM_1										5.7886998860491605	1.5495063563022533	2.842247123947689	1.0878187405750848	2.843488742738601	1.1352092744196467	2.0013417049842492																																																																																																																																																																																																																																																																																																									
VPA_SIM_2										4.888438117427683	1.6707141052344814	3.97609451132733	1.8802489727261407	4.017009718466751	1.6541964272015925	3.326415037343336																																																																																																																																																																																																																																																																																																									
VPA_SIM_3										6.2199377067161254	1.6734880025382766	2.7555459959286837	0.9964659814220228	2.1125270606528823	1.0777654912815984	2.2482094044316208																																																																																																																																																																																																																																																																																																									
VPA_SIM_5										7.0287800081281935	1.8820406652060955	3.6239513989019714	1.1953038002815328	2.784343710817004	1.3344328172154551	4.22768707906811																																																																																																																																																																																																																																																																																																									
VPA_SIM_6										6.85090145167895	1.7048001017612862	2.8764535997478977	1.0224987476766576	2.39772077678528	1.2353256795553589	3.627590283857623																																																																																																																																																																																																																																																																																																									
VS_GEM_50_TAX_10_1										5.1968917435813005	1.5351419035232714	3.45945673284019	1.6963430740593044	4.3992000385469385	2.0664958317514617	4.28111560967156																																																																																																																																																																																																																																																																																																									
VS_GEM_50_TAX_10_2										6.2396032947785125	1.7072681986468663	3.2635328257750924	1.2444837227152448	2.8745948385071967	1.4076359100252616	3.7617115197685744																																																																																																																																																																																																																																																																																																									
VS_GEM_50_TAX_10_3										6.986663852313094	1.7011168305390567	2.6351294645079055	0.8981066833449405	2.3116510553159664	0.9646664067117521	3.1784000496050084																																																																																																																																																																																																																																																																																																									
VS_GEM_50_TAX_10_4										6.489695996312736	1.684683813612498	3.0841327637675637	1.2070703329201171	3.3384550777141015	1.446896928804473	4.101104961168566																																																																																																																																																																																																																																																																																																									
VS_GEM_50_TAX_10_5										5.757062168596564	1.5028111196020881	3.0873189062621273	1.204071477636059	3.5158944025774463	1.5175315188484533	3.457979175408314																																																																																																																																																																																																																																																																																																									
VS_GEM_50_TAX_10_6										6.981367374860957	1.7065212004523589	2.906039009187278	1.038601274764224	2.700839781524062	1.299369353212061	4.405851308400955																																																																																																																																																																																																																																																																																																									
