	15.0	16.0	17.0	18.0	19.0	20.0	21.0	22.0	23.0	24.0	25.0	26.0	27.0	28.0	29.0	30.0	31.0	32.0	33.0	34.0	35.0	36.0	37.0
CTR_1	1.0	5.0	40.0	123.0	402.0	1141.0	2917.0	7516.0	17159.0	36195.0	69065.0	117196.0	188312.0	275994.0	392584.0	527206.0	695956.0	889927.0	1182003.0	1711016.0	3847923.0	25113246.0	8645667.0
	15.0	16.0	17.0	18.0	19.0	20.0	21.0	22.0	23.0	24.0	25.0	26.0	27.0	28.0	29.0	30.0	31.0	32.0	33.0	34.0	35.0	36.0	37.0
CTR_2	1.0	15.0	50.0	170.0	507.0	1283.0	3249.0	7616.0	16347.0	32519.0	60566.0	104176.0	169848.0	254042.0	366747.0	497628.0	663412.0	839969.0	1108452.0	1603698.0	3559907.0	22291438.0	7486981.0
	16.0	17.0	18.0	19.0	20.0	21.0	22.0	23.0	24.0	25.0	26.0	27.0	28.0	29.0	30.0	31.0	32.0	33.0	34.0	35.0	36.0	37.0
CTR_3	18.0	56.0	191.0	520.0	1532.0	3992.0	9440.0	20350.0	40347.0	72452.0	118365.0	184986.0	265025.0	374669.0	502030.0	655620.0	830802.0	1100167.0	1597916.0	3565897.0	22378090.0	7359962.0
	16.0	17.0	18.0	19.0	20.0	21.0	22.0	23.0	24.0	25.0	26.0	27.0	28.0	29.0	30.0	31.0	32.0	33.0	34.0	35.0	36.0	37.0
CTR_4	16.0	77.0	252.0	750.0	2004.0	5837.0	13719.0	25014.0	44977.0	79484.0	126388.0	196546.0	282492.0	400216.0	534533.0	704055.0	897381.0	1191675.0	1732510.0	3856233.0	23652152.0	7781687.0
	14.0	15.0	16.0	17.0	18.0	19.0	20.0	21.0	22.0	23.0	24.0	25.0	26.0	27.0	28.0	29.0	30.0	31.0	32.0	33.0	34.0	35.0	36.0	37.0
CTR_5	1.0	1.0	11.0	63.0	195.0	518.0	1356.0	3561.0	8452.0	19427.0	40116.0	76389.0	132163.0	215397.0	319845.0	460040.0	620768.0	821516.0	1048331.0	1393225.0	2017249.0	4530321.0	30081753.0	10382863.0
	14.0	15.0	16.0	17.0	18.0	19.0	20.0	21.0	22.0	23.0	24.0	25.0	26.0	27.0	28.0	29.0	30.0	31.0	32.0	33.0	34.0	35.0	36.0	37.0
CTR_6	1.0	3.0	15.0	64.0	213.0	569.0	1410.0	3786.0	8879.0	19154.0	39344.0	72987.0	123196.0	198713.0	292586.0	419596.0	566525.0	751331.0	960706.0	1275967.0	1853607.0	4165522.0	26171114.0	8559189.0
	15.0	16.0	17.0	18.0	19.0	20.0	21.0	22.0	23.0	24.0	25.0	26.0	27.0	28.0	29.0	30.0	31.0	32.0	33.0	34.0	35.0	36.0	37.0
GEM_50_TAX_10_1	4.0	14.0	65.0	191.0	561.0	1333.0	3450.0	8149.0	18530.0	38978.0	74601.0	129821.0	213931.0	321175.0	465655.0	634339.0	841332.0	1076567.0	1433198.0	2074383.0	4679570.0	30627933.0	10592683.0
	15.0	16.0	17.0	18.0	19.0	20.0	21.0	22.0	23.0	24.0	25.0	26.0	27.0	28.0	29.0	30.0	31.0	32.0	33.0	34.0	35.0	36.0	37.0
GEM_50_TAX_10_2	10.0	88.0	416.0	1407.0	4148.0	11320.0	31502.0	81437.0	190774.0	389466.0	716517.0	1155969.0	1761396.0	2478268.0	3452373.0	4573831.0	5986980.0	7564624.0	9981923.0	14364339.0	31823484.0	203862667.0	71215169.0
	15.0	16.0	17.0	18.0	19.0	20.0	21.0	22.0	23.0	24.0	25.0	26.0	27.0	28.0	29.0	30.0	31.0	32.0	33.0	34.0	35.0	36.0	37.0
GEM_50_TAX_10_3	2.0	9.0	38.0	171.0	470.0	1247.0	3500.0	8252.0	19064.0	39522.0	75071.0	129143.0	206755.0	303663.0	430813.0	576514.0	758547.0	962210.0	1272126.0	1848090.0	4155620.0	25770574.0	8337221.0
	15.0	16.0	17.0	18.0	19.0	20.0	21.0	22.0	23.0	24.0	25.0	26.0	27.0	28.0	29.0	30.0	31.0	32.0	33.0	34.0	35.0	36.0	37.0
GEM_50_TAX_10_5	3.0	10.0	40.0	131.0	411.0	1063.0	3010.0	7475.0	17571.0	36823.0	69421.0	116388.0	183922.0	266593.0	377183.0	503814.0	664828.0	844612.0	1119914.0	1624789.0	3656334.0	23445064.0	7845242.0
	14.0	15.0	16.0	17.0	18.0	19.0	20.0	21.0	22.0	23.0	24.0	25.0	26.0	27.0	28.0	29.0	30.0	31.0	32.0	33.0	34.0	35.0	36.0	37.0
GEM_50_TAX_10_6	1.0	3.0	10.0	64.0	223.0	602.0	1652.0	4435.0	10940.0	23973.0	48585.0	91347.0	151947.0	239508.0	344557.0	486510.0	649434.0	858052.0	1086081.0	1427908.0	2056174.0	4520634.0	28859690.0	9957178.0
	15.0	16.0	17.0	18.0	19.0	20.0	21.0	22.0	23.0	24.0	25.0	26.0	27.0	28.0	29.0	30.0	31.0	32.0	33.0	34.0	35.0	36.0	37.0
SIM_1	3.0	10.0	50.0	209.0	637.0	1699.0	4833.0	12485.0	28661.0	58474.0	107701.0	174982.0	270021.0	381905.0	532106.0	701792.0	921959.0	1156344.0	1505615.0	2152557.0	4677150.0	30477326.0	11175389.0
	15.0	16.0	17.0	18.0	19.0	20.0	21.0	22.0	23.0	24.0	25.0	26.0	27.0	28.0	29.0	30.0	31.0	32.0	33.0	34.0	35.0	36.0	37.0
SIM_2	3.0	14.0	73.0	248.0	740.0	1899.0	4708.0	11025.0	24003.0	47629.0	87943.0	149498.0	239721.0	352963.0	501856.0	673644.0	883079.0	1112521.0	1464194.0	2105548.0	4601667.0	29226999.0	10417955.0
	15.0	16.0	17.0	18.0	19.0	20.0	21.0	22.0	23.0	24.0	25.0	26.0	27.0	28.0	29.0	30.0	31.0	32.0	33.0	34.0	35.0	36.0	37.0
SIM_3	4.0	13.0	58.0	170.0	531.0	1112.0	2829.0	6917.0	16142.0	34037.0	65197.0	115086.0	191393.0	291058.0	425545.0	579567.0	770954.0	988555.0	1310864.0	1904873.0	4267605.0	27723443.0	9524020.0
	15.0	16.0	17.0	18.0	19.0	20.0	21.0	22.0	23.0	24.0	25.0	26.0	27.0	28.0	29.0	30.0	31.0	32.0	33.0	34.0	35.0	36.0	37.0
SIM_4	2.0	6.0	53.0	169.0	467.0	1320.0	3557.0	8990.0	20626.0	42833.0	80864.0	134747.0	212490.0	307506.0	431904.0	576229.0	758329.0	960107.0	1268379.0	1831252.0	4077212.0	25947952.0	8693283.0
	14.0	15.0	16.0	17.0	18.0	19.0	20.0	21.0	22.0	23.0	24.0	25.0	26.0	27.0	28.0	29.0	30.0	31.0	32.0	33.0	34.0	35.0	36.0	37.0
SIM_5	2.0	3.0	9.0	44.0	139.0	411.0	1025.0	2666.0	6701.0	15379.0	33040.0	62378.0	107352.0	173717.0	259386.0	373613.0	505933.0	670737.0	855167.0	1134324.0	1640166.0	3684551.0	23715629.0	7860000.0
	16.0	17.0	18.0	19.0	20.0	21.0	22.0	23.0	24.0	25.0	26.0	27.0	28.0	29.0	30.0	31.0	32.0	33.0	34.0	35.0	36.0	37.0
SIM_6	8.0	38.0	152.0	463.0	1094.0	3103.0	7606.0	17961.0	37423.0	71447.0	121546.0	196282.0	288933.0	415245.0	559361.0	744688.0	954537.0	1277098.0	1863732.0	4237738.0	27285503.0	8938043.0
	14.0	15.0	16.0	17.0	18.0	19.0	20.0	21.0	22.0	23.0	24.0	25.0	26.0	27.0	28.0	29.0	30.0	31.0	32.0	33.0	34.0	35.0	36.0	37.0
VPA_1	1.0	2.0	12.0	50.0	179.0	466.0	1205.0	3015.0	7351.0	16508.0	33691.0	64273.0	109421.0	175373.0	258101.0	367186.0	490412.0	643838.0	820879.0	1086783.0	1569913.0	3511224.0	22561967.0	7593688.0
	13.0	14.0	15.0	16.0	17.0	18.0	19.0	20.0	21.0	22.0	23.0	24.0	25.0	26.0	27.0	28.0	29.0	30.0	31.0	32.0	33.0	34.0	35.0	36.0	37.0
VPA_2	1.0	0.0	2.0	15.0	108.0	303.0	774.0	1755.0	3952.0	9111.0	18859.0	36797.0	68236.0	114564.0	183609.0	267460.0	380945.0	512951.0	669905.0	838895.0	1110021.0	1601736.0	3544121.0	22571059.0	7787981.0
	16.0	17.0	18.0	19.0	20.0	21.0	22.0	23.0	24.0	25.0	26.0	27.0	28.0	29.0	30.0	31.0	32.0	33.0	34.0	35.0	36.0	37.0
VPA_3	14.0	54.0	231.0	631.0	1733.0	4573.0	10391.0	21949.0	42755.0	79439.0	134317.0	219681.0	325798.0	469470.0	641806.0	835500.0	1054206.0	1392700.0	1998733.0	4388154.0	29604492.0	11117536.0
	15.0	16.0	17.0	18.0	19.0	20.0	21.0	22.0	23.0	24.0	25.0	26.0	27.0	28.0	29.0	30.0	31.0	32.0	33.0	34.0	35.0	36.0	37.0
VPA_4	1.0	19.0	86.0	275.0	681.0	1700.0	4217.0	10014.0	21955.0	43906.0	81863.0	137687.0	220486.0	323169.0	461399.0	620196.0	814900.0	1034845.0	1368904.0	1964703.0	4341942.0	28632927.0	10134317.0
	15.0	16.0	17.0	18.0	19.0	20.0	21.0	22.0	23.0	24.0	25.0	26.0	27.0	28.0	29.0	30.0	31.0	32.0	33.0	34.0	35.0	36.0	37.0
VPA_5	1.0	11.0	55.0	219.0	491.0	1100.0	2648.0	6271.0	14035.0	29190.0	54984.0	94417.0	153573.0	229610.0	334618.0	458683.0	609995.0	782626.0	1050105.0	1536059.0	3534594.0	22263889.0	7156805.0
	14.0	15.0	16.0	17.0	18.0	19.0	20.0	21.0	22.0	23.0	24.0	25.0	26.0	27.0	28.0	29.0	30.0	31.0	32.0	33.0	34.0	35.0	36.0	37.0
VPA_6	1.0	1.0	11.0	50.0	175.0	521.0	1517.0	4089.0	9668.0	21495.0	42101.0	78128.0	131643.0	207879.0	303658.0	429924.0	577583.0	762295.0	970011.0	1284795.0	1860429.0	4145813.0	26169972.0	8907679.0
	15.0	16.0	17.0	18.0	19.0	20.0	21.0	22.0	23.0	24.0	25.0	26.0	27.0	28.0	29.0	30.0	31.0	32.0	33.0	34.0	35.0	36.0	37.0
VPA_SIM_1	1.0	17.0	60.0	184.0	621.0	1601.0	4219.0	10097.0	22332.0	45771.0	85061.0	142991.0	227180.0	329315.0	468279.0	626404.0	828796.0	1047376.0	1391688.0	2022289.0	4529030.0	27684592.0	8709149.0
	15.0	16.0	17.0	18.0	19.0	20.0	21.0	22.0	23.0	24.0	25.0	26.0	27.0	28.0	29.0	30.0	31.0	32.0	33.0	34.0	35.0	36.0	37.0
VPA_SIM_2	5.0	17.0	96.0	338.0	1089.0	2945.0	7319.0	17058.0	35748.0	68737.0	122639.0	200566.0	311729.0	441085.0	605632.0	793717.0	1019632.0	1270377.0	1665490.0	2401342.0	5180677.0	30992869.0	10446066.0
	15.0	16.0	17.0	18.0	19.0	20.0	21.0	22.0	23.0	24.0	25.0	26.0	27.0	28.0	29.0	30.0	31.0	32.0	33.0	34.0	35.0	36.0	37.0
VPA_SIM_3	3.0	11.0	42.0	153.0	467.0	1211.0	3175.0	7897.0	17640.0	36344.0	70558.0	119866.0	195201.0	287050.0	412868.0	557472.0	738474.0	945307.0	1259184.0	1838924.0	4200933.0	26319952.0	8282283.0
	15.0	16.0	17.0	18.0	19.0	20.0	21.0	22.0	23.0	24.0	25.0	26.0	27.0	28.0	29.0	30.0	31.0	32.0	33.0	34.0	35.0	36.0	37.0
VPA_SIM_5	1.0	14.0	53.0	192.0	563.0	1355.0	3738.0	8860.0	19954.0	40307.0	76653.0	132199.0	214726.0	320239.0	464745.0	629922.0	840759.0	1073551.0	1422007.0	2056084.0	4572815.0	30318618.0	10732118.0
	15.0	16.0	17.0	18.0	19.0	20.0	21.0	22.0	23.0	24.0	25.0	26.0	27.0	28.0	29.0	30.0	31.0	32.0	33.0	34.0	35.0	36.0	37.0
VPA_SIM_6	4.0	10.0	67.0	193.0	559.0	1408.0	3716.0	9291.0	21662.0	45410.0	84382.0	141971.0	222997.0	324989.0	461990.0	619151.0	815871.0	1037203.0	1372157.0	1985326.0	4435844.0	29249221.0	10242323.0
	13.0	14.0	15.0	16.0	17.0	18.0	19.0	20.0	21.0	22.0	23.0	24.0	25.0	26.0	27.0	28.0	29.0	30.0	31.0	32.0	33.0	34.0	35.0	36.0	37.0
VS_GEM_50_TAX_10_1	1.0	0.0	4.0	15.0	129.0	312.0	961.0	2515.0	6220.0	14248.0	30238.0	58762.0	105804.0	175241.0	276282.0	398540.0	560380.0	740156.0	975459.0	1218003.0	1567985.0	2213224.0	4681019.0	29159106.0	11046152.0
	15.0	16.0	17.0	18.0	19.0	20.0	21.0	22.0	23.0	24.0	25.0	26.0	27.0	28.0	29.0	30.0	31.0	32.0	33.0	34.0	35.0	36.0	37.0
VS_GEM_50_TAX_10_2	1.0	29.0	77.0	270.0	685.0	1768.0	4367.0	10538.0	24029.0	49538.0	92949.0	158322.0	253721.0	373319.0	533846.0	713777.0	940205.0	1179297.0	1557763.0	2261109.0	5083910.0	31968457.0	10641786.0
	16.0	17.0	18.0	19.0	20.0	21.0	22.0	23.0	24.0	25.0	26.0	27.0	28.0	29.0	30.0	31.0	32.0	33.0	34.0	35.0	36.0	37.0
VS_GEM_50_TAX_10_3	5.0	47.0	148.0	394.0	1041.0	2936.0	7503.0	17470.0	37000.0	71959.0	124012.0	203246.0	302427.0	434975.0	589050.0	779599.0	998549.0	1333111.0	1942531.0	4417865.0	28415080.0	9360760.0
	16.0	17.0	18.0	19.0	20.0	21.0	22.0	23.0	24.0	25.0	26.0	27.0	28.0	29.0	30.0	31.0	32.0	33.0	34.0	35.0	36.0	37.0
VS_GEM_50_TAX_10_4	12.0	58.0	211.0	613.0	1732.0	4620.0	11156.0	25365.0	52056.0	97718.0	162724.0	255845.0	365968.0	513078.0	681158.0	893550.0	1124776.0	1478856.0	2117028.0	4629723.0	29957590.0	10750941.0
	15.0	16.0	17.0	18.0	19.0	20.0	21.0	22.0	23.0	24.0	25.0	26.0	27.0	28.0	29.0	30.0	31.0	32.0	33.0	34.0	35.0	36.0	37.0
VS_GEM_50_TAX_10_5	2.0	15.0	51.0	196.0	596.0	1846.0	4819.0	11485.0	25013.0	49481.0	90499.0	148964.0	234303.0	334925.0	470812.0	629765.0	833574.0	1051622.0	1378689.0	1974947.0	4271413.0	27049259.0	9808587.0
	15.0	16.0	17.0	18.0	19.0	20.0	21.0	22.0	23.0	24.0	25.0	26.0	27.0	28.0	29.0	30.0	31.0	32.0	33.0	34.0	35.0	36.0	37.0
VS_GEM_50_TAX_10_6	1.0	12.0	56.0	236.0	597.0	1586.0	4210.0	10267.0	23585.0	48698.0	91261.0	154537.0	245097.0	355871.0	504165.0	669847.0	878391.0	1112445.0	1470006.0	2115043.0	4687305.0	30691160.0	10930530.0

