Sample	1	2	3	4	5	6	7	8	9	10	11	12	13	14	15	16	17	18	19	20	21	22	23	24	25	26	27	28	29	30	31	32	33	34	35	36	37	38	39	40	41	42	43	44	45	46	47	48	49	50	51	52	53	54	55	56	57	58	59	60	61	62	63	64	65	66	67	68	69	70	71	72	73	74	75	76	77	78	79	80	81	82	83	84	85	86	87	88	89	90	91	92	93	94	95	96	97	98	99	100
CTR_1 - Adapter 1	13702678	3834055	1024132	232967	12974	9512	3362	2771	2985	3008	2393	3357	107	3087	88	2758	194	1510	3593	107	164	42	824	2116	110	682	672	91	611	570	833	98	762	834	78	162	1081	75	332	90	347	349	374	424	335	126	100	662	560	95	147	124	67	65	111	96	50	73	52	41	50	100	64	72	52	113	45	58	56	57	57	45	39	83	58	71	91	61	57	64	80	95	52	50	44	38	42	50	22	49	45	55	49	60	75	114	129	276	849	49615
CTR_2 - Adapter 1	12004997	3395782	894764	209687	11184	11656	5923	5123	5120	5088	4250	6607	110	5991	139	5316	327	2752	6974	156	154	79	1538	3957	158	1275	1233	133	1105	1083	1544	188	1370	735	153	976	612	640	704	508	493	590	516	705	397	142	79	672	276	170	355	376	117	160	544	229	106	67	234	37	49	251	82	82	109	231	69	126	101	108	55	78	107	195	115	126	131	85	78	72	109	99	69	60	62	46	42	84	37	59	79	64	71	96	118	196	343	563	2736	352607
CTR_3 - Adapter 1	12317620	3429439	936870	219421	11716	12732	6340	5681	5698	5433	4872	7630	158	7118	112	6753	355	3400	8909	74	101	131	1996	5207	171	1708	1620	139	1585	1358	2119	176	2002	131	1724	1909	1620	3981	314	1647	219	844	785	1055	619	229	200	1894	775	199	408	284	139	154	209	196	66	109	156	64	116	213	89	111	164	211	410	257	471	990	166	121	170	164	189	180	157	140	141	197	255	201	124	117	120	95	81	121	94	106	137	128	238	247	372	496	849	4563	21756	529082
CTR_4 - Adapter 1	12722297	3499020	910116	214651	10861	12582	7028	6447	6223	6003	5300	8289	160	7711	175	7096	387	3687	9337	119	131	108	2014	5460	154	1715	1575	127	1499	1350	2042	157	1943	1964	91	113	962	1072	1361	860	1281	154	635	968	372	179	44	440	347	253	298	489	200	110	486	425	170	155	412	61	65	367	105	58	152	292	131	207	142	111	88	110	121	184	142	164	137	91	117	101	206	100	88	78	79	76	63	94	120	126	98	74	132	141	197	281	411	793	2491	250519
CTR_5 - Adapter 1	16784693	4566580	1261866	302377	15440	17015	9188	8429	8369	7817	7027	11071	214	10048	185	9194	424	4858	11995	127	155	106	2657	6948	184	2322	2096	137	1989	1730	2798	102	2411	172	1499	1448	1270	1902	3430	106	130	813	746	1214	504	209	56	571	433	352	407	599	218	133	526	514	156	168	518	65	73	339	93	92	211	338	205	225	217	260	109	155	147	176	160	167	132	138	112	107	137	117	88	86	79	59	70	119	60	74	141	105	123	196	239	303	674	1266	6144	339722
CTR_6 - Adapter 1	14286274	3967964	1111921	264834	13412	19648	11391	10795	10063	9666	8418	13713	321	12585	227	11800	518	6115	14913	138	113	125	3168	8607	202	2689	2540	160	2295	2142	3312	105	3066	144	1554	1718	1582	1309	1510	1218	1846	359	964	1321	662	248	103	1011	595	327	585	685	225	169	962	438	152	119	465	66	85	408	107	80	162	388	178	184	242	229	80	133	177	213	174	196	154	139	103	131	143	121	98	91	73	86	47	92	63	77	84	64	104	117	196	260	474	1065	13812	504128
GEM_50_TAX_10_1 - Adapter 1	16955942	4681375	1288628	285794	15811	10469	3421	2796	3113	3298	2523	3285	65	2760	91	2501	213	1340	3218	79	178	71	670	1588	124	568	514	108	485	459	590	78	562	112	404	565	176	1031	156	58	186	147	278	345	183	106	68	199	141	144	168	243	119	117	297	182	109	84	186	52	53	228	79	62	108	199	88	115	122	98	54	74	82	145	113	126	97	72	80	72	71	92	67	60	59	55	47	63	40	43	41	29	36	27	48	52	121	94	531	44490
GEM_50_TAX_10_2 - Adapter 1	112055342	31757143	8680796	1920443	107637	87227	32643	27492	29306	27637	23007	31463	667	26557	620	23295	1779	12208	29275	616	989	489	6174	14896	797	5126	4389	635	4216	4042	5788	811	7477	744	2773	618	2827	4080	3681	1796	2483	2114	1974	2829	1381	771	401	1817	1328	1096	1426	2032	1037	812	2349	1674	890	713	1664	372	423	1845	636	480	1081	1741	907	1250	924	838	602	592	684	1067	929	905	830	656	670	652	1137	730	489	480	484	406	371	422	331	428	390	350	444	538	661	914	1300	2180	6937	458668
GEM_50_TAX_10_3 - Adapter 1	14046185	3961644	1099940	243402	13520	12085	4716	4083	4175	3911	3385	4918	97	4063	72	3701	208	1880	4460	79	107	69	977	2237	108	754	589	70	566	551	783	77	749	376	80	392	394	578	332	97	340	409	391	402	504	141	114	445	239	89	156	144	74	94	155	91	53	48	89	30	51	137	54	58	83	134	52	67	67	63	80	69	77	102	93	105	60	57	59	76	255	90	40	62	67	34	42	51	57	138	103	182	257	132	164	188	226	278	961	68399
GEM_50_TAX_10_5 - Adapter 1	13047502	3588719	974458	219179	12028	6619	1400	898	1372	1505	1095	1141	54	893	67	852	122	577	1265	45	113	59	319	694	92	267	253	67	248	240	298	114	250	157	85	234	221	175	186	212	224	110	222	204	155	78	66	240	120	77	129	169	75	91	234	112	52	44	116	40	50	152	46	50	75	148	52	85	62	68	68	60	71	100	94	81	77	70	68	58	234	55	43	63	72	42	32	42	25	45	40	38	72	61	71	81	142	198	587	25240
GEM_50_TAX_10_6 - Adapter 1	15874999	4426159	1188763	267460	14741	10798	3495	2799	3101	3173	2427	3268	92	2666	86	2313	190	1236	2962	103	163	71	639	1617	112	507	483	97	495	483	634	108	865	83	294	88	397	434	602	724	149	118	273	324	212	100	59	288	185	148	192	267	147	150	352	230	132	99	206	71	59	255	83	63	129	262	132	163	145	129	70	73	87	152	128	167	122	96	74	107	109	98	74	69	58	61	37	62	41	45	44	40	42	68	80	119	178	304	1171	60940
SIM_1 - Adapter 1	17176307	4766093	1296932	293357	16193	12703	5117	4367	4304	4251	3441	4700	115	3928	94	3326	193	1611	3884	86	131	60	808	1814	121	623	510	76	459	474	687	81	623	86	335	364	293	476	104	273	269	213	252	327	156	63	55	215	147	156	184	249	106	92	297	174	119	91	185	52	60	205	75	61	82	197	65	114	106	82	59	74	80	125	96	96	89	78	81	62	70	76	52	68	73	42	33	59	27	36	46	25	36	39	64	76	96	121	463	33333
SIM_2 - Adapter 1	15952515	4508698	1236625	282486	15043	18157	9625	8814	8219	7691	6526	10229	305	8569	379	7292	327	3645	8959	104	144	100	1871	4663	172	1392	1239	152	1167	1134	1586	203	2674	111	59	132	589	673	1080	156	434	527	589	694	434	177	88	531	283	211	325	381	173	163	534	282	117	95	301	68	69	330	92	79	137	337	93	189	130	100	78	77	133	192	156	179	115	101	95	105	100	118	79	87	59	49	46	61	42	59	39	52	75	58	66	87	179	205	855	115926
SIM_3 - Adapter 1	15450696	4270242	1162022	266670	14515	11471	4816	4203	4048	3971	3238	4497	62	3785	65	3115	182	1510	3472	94	121	56	720	1688	88	551	497	64	395	367	539	55	509	76	265	295	225	259	567	57	165	96	210	208	133	69	52	150	144	94	125	144	89	64	175	89	57	54	96	34	35	98	44	40	50	111	59	60	62	54	43	38	47	76	59	67	66	40	48	47	45	64	43	38	47	31	32	52	27	31	26	34	39	35	42	65	99	109	333	30768
SIM_4 - Adapter 1	14603585	3997287	1114615	246164	13422	8551	2080	1604	1983	2055	1487	1732	53	1523	40	1341	129	735	1612	57	116	50	361	793	89	327	245	47	260	270	333	79	367	70	183	219	177	190	192	230	140	96	200	176	110	91	62	196	114	127	135	161	66	105	228	101	61	49	103	36	44	128	40	36	55	140	54	74	84	76	43	45	58	74	65	86	68	48	51	60	85	74	46	44	54	44	20	41	25	42	32	19	23	27	40	48	47	56	212	19533
SIM_5 - Adapter 1	13349860	3623834	1001474	225687	12125	7513	1943	1585	1849	2039	1423	1659	52	1448	58	1290	106	739	1642	56	122	44	377	783	86	284	270	61	269	256	344	104	319	290	94	58	156	164	174	177	174	155	225	198	164	76	51	298	115	58	122	99	38	74	148	50	34	44	54	25	25	80	23	43	65	77	24	45	62	61	33	43	35	62	53	69	65	56	39	56	50	52	45	41	45	33	25	57	39	91	83	117	141	76	215	131	75	138	315	32262
SIM_6 - Adapter 1	15036515	4124791	1126317	249986	13968	7014	1273	813	1402	1573	1038	1056	72	794	50	673	128	554	1075	79	141	44	261	630	70	265	195	60	159	212	288	87	422	72	137	70	185	317	109	253	162	155	200	194	161	85	56	356	146	57	106	132	59	66	157	71	28	39	71	33	36	99	33	31	44	91	33	56	53	36	36	33	45	98	67	62	55	62	41	43	48	61	49	30	35	36	29	41	26	37	24	22	27	27	32	43	54	74	199	15452
VPA_1 - Adapter 1	12385195	3452863	931142	225088	11619	15256	9480	8641	8502	7784	7119	11303	199	10290	207	9250	416	4959	12119	108	150	163	2603	7009	191	2379	2391	303	2260	2475	3409	220	2577	1300	135	1768	1481	1224	2109	1082	1414	173	760	1108	471	190	62	566	447	286	454	536	195	124	508	341	106	114	417	44	55	236	60	57	165	202	201	142	474	168	68	84	91	113	108	85	124	118	80	108	165	84	144	122	86	75	76	98	57	83	83	91	122	133	182	346	633	2068	4626	420236
VPA_2 - Adapter 1	12182116	3453480	920144	222136	11670	16397	9979	9146	8870	8438	7495	11814	174	10855	162	9805	472	5026	13021	183	128	168	2731	7255	194	2387	2245	160	1958	1792	2740	125	2556	230	1520	1564	1507	3784	106	83	125	1009	920	1345	1216	260	128	1451	468	156	587	460	86	138	657	196	60	87	191	37	72	316	77	92	136	266	75	102	139	131	78	87	133	195	184	170	170	142	121	149	154	142	107	105	72	73	59	131	89	126	140	87	177	360	371	371	1481	1281	5536	709959
VPA_3 - Adapter 1	16110461	4618828	1265764	348643	16255	46258	35495	33440	30646	27709	25852	43337	443	40198	417	36153	1292	17253	47283	225	204	293	9621	26160	490	8169	7593	302	7127	6339	9536	478	8370	11959	186	96	410	3651	4030	2904	2541	2331	2135	3706	1471	686	283	6546	1216	196	1441	724	153	181	765	265	79	94	217	72	96	421	97	139	134	272	103	110	192	144	85	88	154	216	238	329	257	135	138	142	132	161	98	103	107	251	92	216	91	121	209	143	203	326	478	692	1490	2775	10455	1804443
VPA_4 - Adapter 1	16005763	4415769	1215551	275738	14855	12629	4901	4250	4442	4287	3644	5467	146	4976	141	4540	299	2552	5696	84	113	85	1301	3464	159	1162	1043	112	915	913	1325	102	1302	114	839	865	1163	1255	175	810	498	466	447	760	354	138	66	438	268	269	348	421	182	155	504	357	201	134	361	68	98	350	130	101	156	319	155	206	206	147	100	107	147	220	179	213	172	129	104	98	128	121	78	78	68	72	74	116	73	124	113	88	179	124	182	257	356	648	3617	414434
VPA_5 - Adapter 1	12297311	3357253	904349	208138	11294	6592	1358	972	1375	1690	1066	1345	55	1147	68	1153	150	792	1684	91	152	56	406	1050	86	370	342	60	326	284	453	109	830	49	56	216	70	286	328	379	131	285	246	286	239	78	89	717	226	60	155	138	56	68	134	88	41	34	73	30	51	101	31	47	50	100	39	48	63	41	43	35	51	89	56	70	78	70	60	59	70	61	45	42	38	55	46	81	52	159	127	129	301	142	209	222	291	370	1959	283063
VPA_6 - Adapter 1	14145928	4005643	1057321	242101	13209	10225	3244	2734	2971	3148	2388	3418	79	3129	98	2849	265	1729	3864	101	126	84	936	2229	128	780	763	115	641	666	979	116	983	177	726	549	539	1047	679	123	120	371	392	561	274	114	62	346	241	264	283	395	199	152	454	309	168	130	345	73	86	402	144	77	213	372	141	249	158	187	99	136	139	221	189	169	112	153	114	97	106	104	73	72	75	62	70	72	39	56	68	52	74	82	109	211	249	453	1567	120599
VPA_SIM_1 - Adapter 1	15249650	4228907	1172982	251325	14043	8413	1427	940	1393	1656	1087	1158	68	902	81	887	160	672	1245	67	123	61	290	704	102	297	257	81	240	255	338	98	366	60	223	241	166	261	266	311	132	312	361	265	326	100	97	502	221	99	195	217	93	156	269	115	72	75	124	47	73	173	68	53	78	154	73	105	106	103	75	74	68	115	133	103	84	94	83	69	65	70	52	46	43	51	40	46	26	29	26	33	16	31	31	55	72	78	202	15147
VPA_SIM_2 - Adapter 1	16577224	4822348	1370753	295372	15835	19374	8385	7203	7399	6470	5494	8258	257	7087	256	6093	343	3259	7376	106	106	142	1594	3947	198	1258	1112	160	1124	1015	1425	192	1275	1405	218	600	296	1265	222	729	574	407	500	634	364	189	117	509	285	331	354	601	324	256	795	557	301	272	551	133	135	698	267	166	371	705	433	508	321	320	183	210	291	390	358	315	304	236	242	260	2393	358	250	284	396	258	305	315	735	1157	625	1029	1129	627	592	823	598	902	2339	82808
VPA_SIM_3 - Adapter 1	14535521	4000768	1092953	242802	13467	7831	1528	1053	1583	1819	1177	1312	53	976	63	936	111	542	1194	63	111	50	301	666	78	248	233	70	187	232	282	86	386	75	159	50	170	201	266	76	214	250	184	197	182	79	76	342	356	72	88	91	70	46	94	65	41	48	46	33	34	53	63	44	46	81	51	33	49	48	60	31	50	59	56	62	70	58	36	44	33	45	45	37	36	43	32	43	19	40	46	29	37	29	54	55	70	105	247	24172
VPA_SIM_5 - Adapter 1	16578185	4661734	1248815	287575	15513	14822	7489	6524	6498	6054	5275	7682	123	6508	100	5420	267	2733	6677	112	162	70	1345	3320	127	1002	915	105	816	790	1089	124	1451	134	538	106	493	522	547	304	295	350	359	428	211	123	42	284	188	140	198	295	148	110	334	229	95	89	222	46	55	219	62	51	99	215	100	122	99	71	61	72	81	126	98	120	102	78	76	84	52	80	56	48	42	60	38	62	33	35	43	26	36	36	45	59	92	136	409	48966
VPA_SIM_6 - Adapter 1	16205555	4490107	1224064	271368	15041	9716	2802	2230	2665	2767	2002	2583	87	2134	78	1899	142	1024	2271	76	123	50	478	1266	95	418	383	66	344	356	473	101	439	74	245	244	205	249	294	391	140	292	329	307	275	107	130	702	389	68	127	132	76	79	112	106	51	53	49	40	69	88	58	74	51	110	51	48	75	68	53	43	44	91	85	84	79	61	57	69	53	76	61	52	60	53	38	55	27	39	29	19	24	33	45	86	100	125	347	21855
VS_GEM_50_TAX_10_1 - Adapter 1	15252889	4649958	1341865	285002	15015	25874	12031	10789	10236	9034	8388	13138	287	11270	246	10068	657	4973	11996	114	140	186	2690	6725	266	2142	1946	210	1887	1737	2515	320	2266	2195	349	273	1045	1712	247	988	717	726	788	1160	568	225	110	814	457	446	551	684	350	348	923	496	299	224	553	107	102	676	193	155	297	671	255	448	296	314	122	197	328	416	328	348	312	267	308	668	22484	890	311	313	346	203	303	273	638	797	210	202	579	239	235	380	500	695	2334	159656
VS_GEM_50_TAX_10_2 - Adapter 1	17147997	5007258	1398120	308613	16674	19402	9732	8650	8503	7788	6550	10209	226	8658	180	7458	395	3596	9040	96	113	121	1841	4556	179	1461	1277	154	1176	1068	1586	161	1459	900	141	3089	176	2662	1128	233	675	597	571	678	525	158	123	1029	326	170	361	326	126	179	512	163	112	73	162	70	66	284	92	92	196	244	94	131	168	124	103	112	169	218	173	185	230	156	145	250	3891	403	298	378	530	262	397	322	948	705	309	395	869	372	442	579	978	977	4193	260510
VS_GEM_50_TAX_10_3 - Adapter 1	15635919	4338441	1186554	268464	14543	10555	3962	3169	3532	3529	2662	3691	86	3048	69	2712	189	1387	3222	103	119	69	678	1571	85	492	465	72	437	397	585	72	514	274	62	261	308	526	71	222	249	252	179	279	195	88	101	413	432	87	104	109	70	66	87	92	54	46	66	27	48	70	49	47	52	87	61	40	46	38	42	56	51	68	69	74	77	76	48	58	97	73	37	43	39	41	51	50	44	46	48	42	53	59	83	109	234	269	787	39139
VS_GEM_50_TAX_10_4 - Adapter 1	16264733	4674594	1282075	291902	15837	19344	9806	8867	8572	7783	6839	10626	137	9154	143	8005	436	3972	9571	108	115	96	1895	4777	164	1475	1356	108	1235	1088	1716	134	1448	1389	85	170	2477	92	101	126	858	148	467	630	278	120	67	332	262	244	250	416	179	153	344	364	179	136	321	66	64	317	114	80	150	290	162	214	149	122	93	96	128	169	152	154	132	85	104	84	170	127	76	83	71	53	66	76	52	119	74	79	91	65	126	181	282	425	1216	85812
VS_GEM_50_TAX_10_5 - Adapter 1	14650051	4230640	1171193	265938	14219	18801	9118	8177	8026	7398	6408	10069	116	8817	145	7332	398	3643	8737	79	140	107	1802	4463	148	1341	1187	144	1148	1065	1476	203	1889	180	1090	80	112	669	703	511	546	413	423	704	325	157	63	424	277	215	314	358	221	152	455	327	166	126	308	53	57	358	135	78	150	297	140	222	142	180	80	101	114	173	145	176	138	121	107	92	99	95	72	67	60	59	43	58	29	62	55	38	48	55	72	107	176	239	1002	119323
VS_GEM_50_TAX_10_6 - Adapter 1	16767408	4789163	1309149	316574	16507	25548	16051	14600	13771	12465	11167	17464	180	15628	234	13492	449	6327	16490	103	167	94	3337	8399	169	2562	2284	144	2098	1861	2799	150	3599	95	134	1239	1189	1251	1424	989	1282	182	711	1040	509	180	73	563	405	274	431	460	188	132	511	362	119	122	370	51	49	293	88	52	166	264	106	161	114	126	93	74	102	149	153	181	143	88	79	114	77	94	76	75	74	65	55	77	58	61	61	70	84	106	133	171	284	517	2175	232148
