Sample	1	2	3	4	5	6	7	8	9	10	11	12	13	14	15	16	17	18	19	20	21	22	X	MT
CTR_1	0.08616078074704411	0.07476325314949592	0.05628339054957313	0.036150239683551535	0.055755647147746105	0.05598327113595392	0.05540037426707039	0.04523231386632361	0.05256895445203661	0.03282138175461189	0.05984049798511896	0.06789833971455568	0.015867352654719495	0.09599625948625613	0.027308084160955287	0.03277783273232519	0.04892886876550666	0.009311121764576186	0.019770673738964614	0.02089889323362944	0.010882963221286884	0.014324738005932761	0.018953725141089988	0.005542567540780456
CTR_2	0.08244849893830251	0.06905186453005724	0.054733095902407006	0.033172181579861806	0.05300462498951182	0.0543895011249627	0.05275734337122618	0.0439522967032192	0.05113558828787638	0.030525562958435483	0.05500460324061818	0.06138962550881973	0.015081253701528421	0.11627104792231899	0.02579095619199612	0.031827241319614355	0.0688570916289617	0.00858526961586854	0.020192951372280884	0.02088936415646928	0.010723171707680433	0.014330751749093441	0.01811022353451555	0.0070869076590333
CTR_3	0.09066957391416403	0.07874437868260235	0.05214930100906699	0.038447801567328105	0.05829052705183011	0.04927648349743455	0.06021570251848147	0.04857553681435374	0.046353277665097455	0.03380268162982621	0.06194552258776651	0.06503131310816904	0.016270230148227798	0.06808106316867772	0.02720981518613214	0.03982819754339734	0.058201609356601174	0.00922782180025196	0.02029597635960561	0.022421167838274428	0.01340500138610584	0.013942972963139979	0.019401626369064704	0.007061050806580369
CTR_4	0.08657935180947618	0.07589688889601165	0.05212816988644528	0.034166216081598116	0.053405735630737444	0.04922059861857812	0.05071515544775104	0.04354124624454267	0.055437283930876824	0.029108948828894653	0.05920136900158059	0.07003853936498738	0.01431631235716423	0.09757259549201248	0.024046263628415106	0.04035706370177139	0.05571466919832038	0.008468297902990142	0.01966924475993392	0.019101862699551213	0.020199110946640227	0.012211598997561286	0.018069538767829373	0.007607162909403354
CTR_5	0.08767514972237914	0.07773748495896257	0.056986831771644	0.03903037201955227	0.05991392399513276	0.0530231541155739	0.057750228388397495	0.04747127494410958	0.04689701870595295	0.0334803047781115	0.05694504974169502	0.06269118216360484	0.016781629440683933	0.08849518260729447	0.02752153070700236	0.03205894434409362	0.05775387018834582	0.009540206251815182	0.0187250768801012	0.020354952786037057	0.010153140917009173	0.013270844590995099	0.019620385590549346	0.005415177124143058
CTR_6	0.09053709950294386	0.07855611569931877	0.05342498994008726	0.03874208617377099	0.058537418137354275	0.04890746301691792	0.06107705960849426	0.04814603169016349	0.04428927351015992	0.034257175704456175	0.05964259135229933	0.06114119260984765	0.0166890695029134	0.07350485921706297	0.027433335521864954	0.037416275974288586	0.06359616244364671	0.009194751788363126	0.019503116457746505	0.022688910608749096	0.011368759004425685	0.014048701992048862	0.019396298628975187	0.0073251859603214705
GEM_50_TAX_10_1	0.08762994977093702	0.07637902054593132	0.05620402700679485	0.03590366904761826	0.056824207526422574	0.052182733438989506	0.05740798778125305	0.04680373201053597	0.0461833863687393	0.033983371610486784	0.05883205640690711	0.0618319409314703	0.015549206057752616	0.09246646983370253	0.02793377236015611	0.03511412822338197	0.05756821132584699	0.009712229120292563	0.019937584554017312	0.021561799595333265	0.01041599815121881	0.014142365178391203	0.01907775672653593	0.005968927897350079
GEM_50_TAX_10_2	0.0861567163999422	0.07392677401576138	0.05726246317116343	0.033765799193731794	0.05349939026426007	0.04904057187463878	0.05688460667549207	0.045892897566670414	0.04900276095038966	0.03332691897377799	0.059359623257612314	0.062211514613545765	0.014879593716351168	0.1006878733504522	0.027175146514471435	0.037763546192616716	0.056937587729917694	0.009107178270678005	0.020595409837335633	0.022024176967959705	0.01045895073849814	0.014417777387619459	0.018155796433443866	0.006987904167738923
GEM_50_TAX_10_3	0.08882826168807556	0.07757081902079088	0.05541884351127286	0.03621375386461544	0.05793224816482008	0.05206396613502891	0.059561220687017226	0.04844565800119768	0.046466218914802	0.03472737619703834	0.059298460123012695	0.06483568886271858	0.015383310741107659	0.07724952821722743	0.028094202231271025	0.037598574864622016	0.05443555782646928	0.009894447638289196	0.020618483233074608	0.023246334610766983	0.011862672152067103	0.014612990237111363	0.019106280772776093	0.005922567709992761
GEM_50_TAX_10_5	0.08900638387479719	0.07947962886384967	0.05723636414815532	0.03798159204579434	0.05960014995062674	0.057919992061156764	0.0580749521743139	0.04698569064059762	0.0457592968016934	0.03457750289745116	0.05740892902786265	0.06293947359601092	0.015392744331438118	0.08195495923053335	0.028482890158780444	0.03333803668446903	0.05073319201015542	0.010488791095232364	0.0204884893333125	0.021934274822571743	0.01115185625922804	0.014309788786932587	0.019299762061322556	0.004913614388580852
GEM_50_TAX_10_6	0.08495660894556338	0.07347104207287387	0.056300873448528535	0.0342490329820659	0.055895943274953556	0.053040433022806296	0.05600295905136774	0.046012327227919946	0.050902553533900954	0.032827141346124016	0.05681355587553909	0.06593059376344838	0.015425492328751483	0.09788127080205312	0.02667283721106425	0.03424916517024922	0.057202415742827056	0.009325574189116611	0.02022845554971221	0.022006499919582374	0.01145714641327476	0.014241445002662553	0.018316334593898732	0.006038545054519977
SIM_1	0.08355840331702005	0.0733632732584077	0.05713738391179641	0.034987243389442126	0.05552025468007682	0.051478301089893416	0.05669246374871744	0.046349985415826626	0.05152284303725943	0.032507908089594154	0.0593032210370636	0.06178705013214254	0.015436427664884707	0.10442702018865917	0.026341818416478504	0.03465647595579366	0.0557228025999894	0.008932804038864752	0.018709993923390227	0.020590982970874888	0.01041327712978647	0.01362258728177093	0.018636595267950976	0.007789417243084863
SIM_2	0.08584299651028195	0.07351385515988185	0.05302669408856721	0.03452668303293826	0.05404512348029204	0.045980259209334295	0.05792745028435133	0.04706391404103484	0.04801665618706338	0.0330231174956224	0.060187841508793916	0.06347296115499014	0.01605101837489865	0.08808079619887342	0.026590681030253097	0.03857029086685533	0.06941822952959786	0.008711891029957725	0.020458067310917667	0.023173688142486056	0.011903929115112446	0.014347546377255115	0.018207337062149758	0.007205610075004823
SIM_3	0.08473206578560166	0.07445499379661256	0.05796265641787282	0.035996116856119795	0.05585439458963141	0.05441881231908289	0.056005715233674085	0.04579987305004376	0.04910545591657741	0.0330003665659589	0.05674971946860288	0.06147523074595651	0.015880110181162213	0.10343618918492098	0.026642205154855856	0.032284045944780355	0.058604047230484034	0.009309283970255997	0.01940052092629789	0.020455116712616597	0.010245062217641134	0.014076861437934714	0.018805920923493476	0.004685627140202818
SIM_4	0.08963485911924467	0.0794705769708185	0.054180406882165896	0.03944077343352055	0.06041928580723596	0.04868233059584835	0.0629583520428129	0.05061835793929743	0.04280269073642324	0.03528519536961143	0.06167643063578299	0.061918418061946603	0.016926795509281396	0.06887127610104332	0.028356879363073913	0.039570797164663885	0.05598792438179718	0.009477744907469608	0.01962475594697053	0.022968144121902814	0.011033786532206748	0.013987465993772891	0.019583347930263357	0.0060934391300342
SIM_5	0.0895462326446926	0.08009951528104517	0.055818785755311504	0.03915169820142966	0.06053407679097243	0.05089516708983914	0.06085154270707178	0.04933048231874353	0.04321022051427678	0.035306743448805855	0.05932215244522622	0.06338621477260571	0.017825620009572222	0.07088467060897179	0.028025502348896912	0.03542225275180601	0.058535193380901435	0.00971623907064779	0.01952144154132807	0.022029359953349384	0.010560698869139917	0.01373489636225564	0.02018072635407535	0.005557650245309535
SIM_6	0.08874767558999941	0.08094073914987893	0.05513194426697383	0.038533950839594266	0.059270276603859126	0.05247450599218955	0.05895571295819436	0.04881532837174065	0.04600621522268874	0.034449028145583795	0.05751769556158846	0.06577344323179493	0.016634103452861065	0.08466943442103383	0.028311706931969455	0.03410863210691104	0.05150372721639857	0.009839779795659814	0.01931011806956953	0.020997224422148627	0.009659655243095904	0.013429205699238726	0.019622000593719463	0.00473203052248313
VPA_1	0.08397011818100832	0.06985727234048374	0.058683426380561995	0.03165974619047285	0.05155928808242618	0.05480812451460249	0.049529975340605346	0.040069691160581046	0.055687223062355996	0.030732107892152204	0.05103084937955987	0.05799044693350761	0.013386574732086452	0.1192400805173039	0.02577927439056622	0.02931278802716341	0.08261271479937027	0.009146728018816696	0.019071616855625917	0.018710768514784364	0.00932369826600578	0.013681140091311102	0.0179051380330963	0.0053599805859480265
VPA_2	0.08366841345917227	0.06888278968612774	0.05377859757515979	0.03247609406970267	0.051561196370463386	0.052152004517406834	0.05235032792046904	0.04264924313694131	0.05192131710028987	0.030620655819104312	0.05476998715537556	0.05963486932989524	0.014343785613492978	0.10744245414476353	0.025040785935632047	0.0324870109542749	0.08906474322077389	0.00851896813243127	0.01896372019042322	0.020476800392134495	0.010425465561914338	0.014099588551717876	0.017698271320425393	0.006087345811514347
VPA_3	0.08685941314122742	0.06920153416211294	0.05686076514571713	0.031085461459288564	0.05062622234486774	0.05107157245296404	0.052583665206450574	0.04170420550263265	0.05464405855520342	0.031292114021721405	0.05435770349183557	0.05734181568822281	0.013804093951586282	0.11099000293888026	0.0250552310488557	0.03316599395261972	0.08289193333311128	0.00866104495854778	0.019229313028839373	0.020411526935764243	0.01006318379036295	0.0141741827611143	0.01743288083459758	0.005594838844566543
VPA_4	0.08991457460825572	0.07822571020627882	0.05463230747616042	0.038339244152556906	0.05879708559245859	0.047250786905918635	0.06042227076699414	0.04899693464893738	0.04492231391683383	0.03445474240448972	0.06198795319704558	0.06231918890495492	0.01653047212322766	0.07480309804181774	0.027416576380692313	0.03697252520050374	0.061198967881427174	0.009215793345651141	0.019610990552085733	0.02261776095575935	0.011146565195606523	0.013627370479630885	0.019573843677445746	0.0064265222211512645
VPA_5	0.08781966418826026	0.07774355966844784	0.054841030755410754	0.03859810749602057	0.06031003534449656	0.05789108699923619	0.057645785679144496	0.046847741826483935	0.044130284230970915	0.03383697944274314	0.05588069604022559	0.062411969467483355	0.01644696879968456	0.0862150573239366	0.0278007262882467	0.03232207506215486	0.059156223342348414	0.009833159270428962	0.020543439489207796	0.020859226591320834	0.010164015408113415	0.014087241273371793	0.019778820917176115	0.0044814919110938685
VPA_6	0.08668118615888913	0.07563696456102496	0.05526872528354879	0.03603343824268132	0.057510492348823467	0.056468256890572444	0.058637526890514755	0.04791689078964024	0.05009235421938859	0.033419174553250094	0.06132322712647594	0.06627676197987492	0.016012115875847693	0.08265556283684199	0.02752207491097581	0.03669776843088353	0.04624050750830344	0.009348133877178687	0.021367014675204663	0.022901118754010883	0.012408218460764706	0.014067294075246269	0.018923091515815643	0.006113254584580362
VPA_SIM_1	0.08975853386349035	0.0788135311002819	0.05397036276097588	0.037089778701602225	0.059553361357222424	0.048529575770993254	0.061894852423298015	0.049688577538471466	0.042703755110535084	0.03576796186637483	0.0614385262113689	0.06296675113809226	0.016431914118630913	0.06866741562566105	0.028599679411799184	0.0398872847490709	0.05544074030540223	0.009811687889304014	0.020834809517056314	0.024153066497412584	0.012600168251227778	0.014488984876997024	0.019758159349411986	0.006551236793839959
VPA_SIM_2	0.09199488747002428	0.07893082944006748	0.05288322923405738	0.03698186342256075	0.05782011261706724	0.038981381687920265	0.06252653843565281	0.04806355351753379	0.04010295557703698	0.03505706865192734	0.0633781389149963	0.05767732374866232	0.016025458346186634	0.0631949684393725	0.027480745301412417	0.04605393469702509	0.0509506013798389	0.00923994662371938	0.02168261437822271	0.027858732811148375	0.018771057209647432	0.01406533224590894	0.02027286546668636	0.019304387134902293
VPA_SIM_3	0.08925274658375831	0.07928035153952945	0.05445500762350865	0.03865242088019369	0.060097313618862884	0.0496602249641407	0.06171486584080565	0.04990768623314351	0.04359557526646884	0.03492682635396974	0.061618171085184255	0.06296565861491138	0.017269876617449813	0.07262906318326907	0.028073955795896888	0.038187370152419124	0.05477574095586306	0.009411510843687687	0.01978835171237421	0.022679657248916775	0.010808931772092205	0.013805439858309307	0.01990374260801364	0.006160672232528557
VPA_SIM_5	0.08308420483991834	0.07206023355494921	0.05744876233290624	0.03399077754253046	0.05558721164664953	0.052020344398575905	0.05611403651759064	0.04675284016763386	0.05182548602213313	0.03192433574617624	0.05664458378087715	0.061815926209563034	0.014943207282729454	0.10801257005808279	0.026285425387552446	0.03513528910899612	0.05797315878598392	0.008662255147235507	0.02006585727440193	0.02087195019963722	0.01005855996735072	0.013873533528084174	0.018349728049105517	0.005978711602725301
VPA_SIM_6	0.08596647334936768	0.07469129908031297	0.0545578146541177	0.03590373350561302	0.05622267720835298	0.050560947170216704	0.05862001438316513	0.04767101643022971	0.0473446722607829	0.03377925123987658	0.05798631212065148	0.06413947940103965	0.016202564649641614	0.09842920991065728	0.02734757798838604	0.0353133747023401	0.05560096713357245	0.009126707627852015	0.020412922915783883	0.021688832009405756	0.009961759281916005	0.013984420227146584	0.01895782106984489	0.005154253477920946
VS_GEM_50_TAX_10_1	0.09007340731021483	0.0746540897304211	0.049746456544598715	0.03313007660493156	0.05220179012244659	0.04205353392510988	0.0619186361800025	0.04695078406702137	0.041188246840323336	0.033934235052925206	0.06124620111995364	0.059315133846043755	0.01576001747540976	0.0678421575167847	0.02726441488663606	0.04587724246633673	0.06588997198351035	0.008629927553741057	0.026471367089818024	0.030039149602792217	0.01780786691862575	0.016837931137387335	0.01850902120698413	0.012178497063418794
VS_GEM_50_TAX_10_2	0.08693202095628551	0.07301065065804381	0.05731115073119553	0.03323998632043498	0.05417330419209212	0.04614910346148921	0.05927477254810728	0.046493470455617886	0.04791508568354775	0.03384226911489811	0.05888928132938268	0.05794674211994143	0.014631910632396381	0.09829983681369434	0.027336752266067355	0.04002942806009991	0.05496019438652307	0.00888240855164149	0.023070984927759705	0.02391004076791296	0.011617602664893993	0.014840333585110915	0.01886433251024055	0.007940145838555658
VS_GEM_50_TAX_10_3	0.08740548394125885	0.07760896775684649	0.05747026183709043	0.03596548795800332	0.05675579032159899	0.052568117209234606	0.05575466214118718	0.046187076716563934	0.04933335556089762	0.03335044132401446	0.05626129277815586	0.06188023689717144	0.015124976288680031	0.09950858998360848	0.027897079406559545	0.03423475642025603	0.05450517052273806	0.0096774343103959	0.019906736954433724	0.021086389302833432	0.009799514932730874	0.013860076627883841	0.018660914856953294	0.004633263438165563
VS_GEM_50_TAX_10_4	0.0860026331053462	0.07369072764551789	0.054347122719009974	0.03361794618887889	0.053656215233877494	0.049254729978902824	0.056245198552989026	0.04566003698221392	0.05173858280859242	0.03273823104775708	0.05782410787047467	0.06570861835407824	0.014196925151400612	0.09185469445293677	0.02670205783587497	0.038341139212324585	0.06429266221594004	0.009176958092655594	0.02094987873992647	0.022822763032562168	0.011720548758688642	0.014601997033659176	0.017933228493798848	0.006128358048113708
VS_GEM_50_TAX_10_5	0.0894235428784143	0.07672382548845853	0.05292280849576404	0.03471166704477652	0.05569407591907518	0.04805817330874329	0.06049159150596272	0.04778382142433976	0.04624484412406815	0.03424392603420065	0.060576518346947605	0.06320163356737125	0.014770670444901044	0.07468325681650491	0.027701446124369214	0.04227972365237634	0.05787917795383886	0.009353907019678682	0.0222329835884691	0.025630160999664465	0.013506688414191939	0.015115939977311749	0.018592648095900586	0.007342249171159069
VS_GEM_50_TAX_10_6	0.08505611736651553	0.07250480006646219	0.057832043412071946	0.03245321208136467	0.052753995482726794	0.05312936757405239	0.05371054428655786	0.042800537212702036	0.053490286798765635	0.03220793328696751	0.05359677607988285	0.059259447712923095	0.013553621849878739	0.10615471300281365	0.026432840748377134	0.03418507144160451	0.06980346131107587	0.009426348576686595	0.02058425905752052	0.021476994780800406	0.01039628290468044	0.01454301330580593	0.018029671140242988	0.005792729935134275
