Sample	1	2	3	4	5	6	7	8	9	10	11	12	13	14	15	16	17	18	19	20	21	22	X	Y	MT	*
CTR_1	[3994547, 249250621]	[3466140, 243199373]	[2609385, 198022430]	[1675981, 191154276]	[2584918, 180915260]	[2595471, 171115067]	[2568447, 159138663]	[2097040, 146364022]	[2437178, 141213431]	[1521650, 135534747]	[2774298, 135006516]	[3147872, 133851895]	[735635, 115169878]	[4450535, 107349540]	[1266045, 102531392]	[1519631, 90354753]	[2268418, 81195210]	[431678, 78077248]	[916599, 59128983]	[968905, 63025520]	[504551, 48129895]	[664117, 51304566]	[878724, 155270560]	[26819, 59373566]	[256962, 16569]	[0, 0]
CTR_2	[3495236, 249250621]	[2927313, 243199373]	[2320298, 198022430]	[1406267, 191154276]	[2247023, 180915260]	[2305732, 171115067]	[2236540, 159138663]	[1863268, 146364022]	[2167789, 141213431]	[1294069, 135534747]	[2331808, 135006516]	[2602488, 133851895]	[639339, 115169878]	[4929074, 107349540]	[1093355, 102531392]	[1349251, 90354753]	[2919056, 81195210]	[363955, 78077248]	[856039, 59128983]	[885562, 63025520]	[454587, 48129895]	[607523, 51304566]	[767746, 155270560]	[29208, 59373566]	[300435, 16569]	[0, 0]
CTR_3	[3715795, 249250621]	[3227080, 243199373]	[2137168, 198022430]	[1575657, 191154276]	[2388846, 180915260]	[2019435, 171115067]	[2467743, 159138663]	[1990709, 146364022]	[1899637, 141213431]	[1385292, 135534747]	[2538634, 135006516]	[2665095, 133851895]	[666782, 115169878]	[2790079, 107349540]	[1115105, 102531392]	[1632228, 90354753]	[2385202, 81195210]	[378172, 78077248]	[831764, 59128983]	[918858, 63025520]	[549360, 48129895]	[571407, 51304566]	[795112, 155270560]	[47185, 59373566]	[289374, 16569]	[0, 0]
CTR_4	[3803264, 249250621]	[3334004, 243199373]	[2289890, 198022430]	[1500856, 191154276]	[2346011, 180915260]	[2162166, 171115067]	[2227819, 159138663]	[1912683, 146364022]	[2435253, 141213431]	[1278700, 135534747]	[2600602, 135006516]	[3076658, 133851895]	[628888, 115169878]	[4286176, 107349540]	[1056306, 102531392]	[1772808, 90354753]	[2447438, 81195210]	[371996, 78077248]	[864032, 59128983]	[839108, 63025520]	[887308, 48129895]	[536432, 51304566]	[793760, 155270560]	[141746, 59373566]	[334168, 16569]	[0, 0]
CTR_5	[4887159, 249250621]	[4333217, 243199373]	[3176541, 198022430]	[2175618, 191154276]	[3339702, 180915260]	[2955599, 171115067]	[3219094, 159138663]	[2646128, 146364022]	[2614118, 141213431]	[1866248, 135534747]	[3174212, 135006516]	[3494511, 133851895]	[935436, 115169878]	[4932869, 107349540]	[1534096, 102531392]	[1787019, 90354753]	[3219297, 81195210]	[531787, 78077248]	[1043767, 59128983]	[1134619, 63025520]	[565953, 48129895]	[739739, 51304566]	[1093673, 155270560]	[39414, 59373566]	[301851, 16569]	[0, 0]
CTR_6	[4280300, 249250621]	[3713878, 243199373]	[2525760, 198022430]	[1831600, 191154276]	[2767459, 180915260]	[2312186, 171115067]	[2887525, 159138663]	[2276188, 146364022]	[2093853, 141213431]	[1619568, 135534747]	[2819708, 135006516]	[2890557, 133851895]	[789005, 115169878]	[3475071, 107349540]	[1296959, 102531392]	[1768920, 90354753]	[3006620, 81195210]	[434698, 78077248]	[922044, 59128983]	[1072658, 63025520]	[537478, 48129895]	[664177, 51304566]	[916994, 155270560]	[27235, 59373566]	[346311, 16569]	[0, 0]
GEM_50_TAX_10_1	[4776279, 249250621]	[4163046, 243199373]	[3063406, 198022430]	[1956933, 191154276]	[3097209, 180915260]	[2844225, 171115067]	[3129028, 159138663]	[2551042, 146364022]	[2517230, 141213431]	[1852267, 135534747]	[3206647, 135006516]	[3370156, 133851895]	[847511, 115169878]	[5039894, 107349540]	[1522533, 102531392]	[1913899, 90354753]	[3137761, 81195210]	[529366, 78077248]	[1086700, 59128983]	[1175228, 63025520]	[567725, 48129895]	[770831, 51304566]	[1039835, 155270560]	[21010, 59373566]	[325337, 16569]	[0, 0]
GEM_50_TAX_10_2	[32383743, 249250621]	[27786872, 243199373]	[21523254, 198022430]	[12691558, 191154276]	[20108827, 180915260]	[18432890, 171115067]	[21381229, 159138663]	[17249773, 146364022]	[18418678, 141213431]	[12526596, 135534747]	[22311514, 135006516]	[23383455, 133851895]	[5592796, 115169878]	[37845572, 107349540]	[10214328, 102531392]	[14194192, 90354753]	[21401143, 81195210]	[3423117, 78077248]	[7741201, 59128983]	[8278232, 63025520]	[3931208, 48129895]	[5419213, 51304566]	[6824223, 155270560]	[180050, 59373566]	[2626545, 16569]	[0, 0]
GEM_50_TAX_10_3	[3976236, 249250621]	[3472317, 243199373]	[2480724, 198022430]	[1621043, 191154276]	[2593232, 180915260]	[2330549, 171115067]	[2666150, 159138663]	[2168582, 146364022]	[2079976, 141213431]	[1554508, 135534747]	[2654388, 135006516]	[2902252, 133851895]	[688606, 115169878]	[3457935, 107349540]	[1257586, 102531392]	[1683032, 90354753]	[2436709, 81195210]	[442907, 78077248]	[922949, 59128983]	[1040580, 63025520]	[531011, 48129895]	[654124, 51304566]	[855258, 155270560]	[27419, 59373566]	[265113, 16569]	[0, 0]
GEM_50_TAX_10_5	[3731189, 249250621]	[3331823, 243199373]	[2399375, 198022430]	[1592206, 191154276]	[2498466, 180915260]	[2428033, 171115067]	[2434529, 159138663]	[1969662, 146364022]	[1918251, 141213431]	[1449505, 135534747]	[2406609, 135006516]	[2638452, 133851895]	[645271, 115169878]	[3435590, 107349540]	[1194016, 102531392]	[1397546, 90354753]	[2126759, 81195210]	[439695, 78077248]	[858887, 59128983]	[919495, 63025520]	[467491, 48129895]	[599873, 51304566]	[809055, 155270560]	[22706, 59373566]	[205981, 16569]	[0, 0]
GEM_50_TAX_10_6	[4498861, 249250621]	[3890645, 243199373]	[2981402, 198022430]	[1813651, 191154276]	[2959959, 180915260]	[2808746, 171115067]	[2965626, 159138663]	[2436574, 146364022]	[2695535, 141213431]	[1738355, 135534747]	[3008551, 135006516]	[3491342, 133851895]	[816854, 115169878]	[5183284, 107349540]	[1412455, 102531392]	[1813658, 90354753]	[3029143, 81195210]	[493834, 78077248]	[1071194, 59128983]	[1165350, 63025520]	[606711, 48129895]	[754153, 51304566]	[969938, 155270560]	[29218, 59373566]	[319770, 16569]	[0, 0]
SIM_1	[4853079, 249250621]	[4260945, 243199373]	[3318544, 198022430]	[2032062, 191154276]	[3224621, 180915260]	[2989864, 171115067]	[3292703, 159138663]	[2692011, 146364022]	[2992451, 141213431]	[1888062, 135534747]	[3444336, 135006516]	[3588597, 133851895]	[896549, 115169878]	[6065130, 107349540]	[1529935, 102531392]	[2012851, 90354753]	[3236385, 81195210]	[518818, 78077248]	[1086678, 59128983]	[1195926, 63025520]	[604804, 48129895]	[791201, 51304566]	[1082415, 155270560]	[29706, 59373566]	[452410, 16569]	[0, 0]
SIM_2	[4647138, 249250621]	[3979696, 243199373]	[2870617, 198022430]	[1869113, 191154276]	[2925750, 180915260]	[2489156, 171115067]	[3135921, 159138663]	[2547820, 146364022]	[2599397, 141213431]	[1787717, 135534747]	[3258288, 135006516]	[3436129, 133851895]	[868927, 115169878]	[4768282, 107349540]	[1439495, 102531392]	[2088015, 90354753]	[3757978, 81195210]	[471621, 78077248]	[1107504, 59128983]	[1254515, 63025520]	[644423, 48129895]	[776709, 51304566]	[985660, 155270560]	[35370, 59373566]	[390078, 16569]	[0, 0]
SIM_3	[4465605, 249250621]	[3923976, 243199373]	[3054786, 198022430]	[1897091, 191154276]	[2943675, 180915260]	[2868016, 171115067]	[2951650, 159138663]	[2413775, 146364022]	[2587988, 141213431]	[1739207, 135534747]	[2990861, 135006516]	[3239908, 133851895]	[836924, 115169878]	[5451362, 107349540]	[1404115, 102531392]	[1701455, 90354753]	[3088589, 81195210]	[490624, 78077248]	[1022459, 59128983]	[1078039, 63025520]	[539942, 48129895]	[741888, 51304566]	[991122, 155270560]	[32655, 59373566]	[246945, 16569]	[0, 0]
SIM_4	[4203797, 249250621]	[3727101, 243199373]	[2541014, 198022430]	[1849738, 191154276]	[2833612, 180915260]	[2283159, 171115067]	[2952692, 159138663]	[2373957, 146364022]	[2007409, 141213431]	[1654845, 135534747]	[2892571, 135006516]	[2903920, 133851895]	[793852, 115169878]	[3230003, 107349540]	[1329913, 102531392]	[1855836, 90354753]	[2625785, 81195210]	[444498, 78077248]	[920384, 59128983]	[1077186, 63025520]	[517475, 48129895]	[656000, 51304566]	[918442, 155270560]	[20165, 59373566]	[285777, 16569]	[0, 0]
SIM_5	[3879249, 249250621]	[3470006, 243199373]	[2418136, 198022430]	[1696098, 191154276]	[2622408, 180915260]	[2204839, 171115067]	[2636161, 159138663]	[2137055, 146364022]	[1871918, 141213431]	[1529530, 135534747]	[2569906, 135006516]	[2745966, 133851895]	[772227, 115169878]	[3070808, 107349540]	[1214098, 102531392]	[1534534, 90354753]	[2535814, 81195210]	[420919, 78077248]	[845692, 59128983]	[954338, 63025520]	[457502, 48129895]	[595012, 51304566]	[874253, 155270560]	[23953, 59373566]	[240764, 16569]	[0, 0]
SIM_6	[4170720, 249250621]	[3803831, 243199373]	[2590940, 198022430]	[1810913, 191154276]	[2785422, 180915260]	[2466053, 171115067]	[2770639, 159138663]	[2294089, 146364022]	[2162074, 141213431]	[1618941, 135534747]	[2703059, 135006516]	[3091040, 133851895]	[781724, 115169878]	[3979062, 107349540]	[1330516, 102531392]	[1602944, 90354753]	[2420431, 81195210]	[462423, 78077248]	[907484, 59128983]	[986770, 63025520]	[453958, 48129895]	[631109, 51304566]	[922141, 155270560]	[26593, 59373566]	[222383, 16569]	[0, 0]
VPA_1	[3634572, 249250621]	[3023710, 243199373]	[2540060, 198022430]	[1370364, 191154276]	[2231698, 180915260]	[2372321, 171115067]	[2143861, 159138663]	[1734381, 146364022]	[2410372, 141213431]	[1330212, 135534747]	[2208825, 135006516]	[2510065, 133851895]	[579426, 115169878]	[5161201, 107349540]	[1115833, 102531392]	[1268778, 90354753]	[3575818, 81195210]	[395908, 78077248]	[825498, 59128983]	[809879, 63025520]	[403568, 48129895]	[592176, 51304566]	[775008, 155270560]	[38576, 59373566]	[232002, 16569]	[0, 0]
VPA_2	[3678782, 249250621]	[3028679, 243199373]	[2364569, 198022430]	[1427928, 191154276]	[2267073, 180915260]	[2293050, 171115067]	[2301770, 159138663]	[1875227, 146364022]	[2282907, 141213431]	[1346347, 135534747]	[2408159, 135006516]	[2622061, 133851895]	[630676, 115169878]	[4724093, 107349540]	[1101008, 102531392]	[1428408, 90354753]	[3916051, 81195210]	[374567, 78077248]	[833808, 59128983]	[900336, 63025520]	[458393, 48129895]	[619939, 51304566]	[778168, 155270560]	[38937, 59373566]	[267652, 16569]	[0, 0]
VPA_3	[5084985, 249250621]	[4051245, 243199373]	[3328783, 198022430]	[1819827, 191154276]	[2963796, 180915260]	[2989868, 171115067]	[3078390, 159138663]	[2441477, 146364022]	[3199011, 141213431]	[1831925, 135534747]	[3182247, 135006516]	[3356945, 133851895]	[808129, 115169878]	[6497655, 107349540]	[1466801, 102531392]	[1941627, 90354753]	[4852718, 81195210]	[507041, 78077248]	[1125736, 59128983]	[1194946, 63025520]	[589126, 48129895]	[829795, 51304566]	[1020568, 155270560]	[52527, 59373566]	[327537, 16569]	[0, 0]
VPA_4	[4778097, 249250621]	[4156946, 243199373]	[2903183, 198022430]	[2037363, 191154276]	[3124501, 180915260]	[2510926, 171115067]	[3210864, 159138663]	[2603717, 146364022]	[2387190, 141213431]	[1830939, 135534747]	[3294065, 135006516]	[3311667, 133851895]	[878436, 115169878]	[3975067, 107349540]	[1456928, 102531392]	[1964735, 90354753]	[3252138, 81195210]	[489731, 78077248]	[1042136, 59128983]	[1201917, 63025520]	[592333, 48129895]	[724164, 51304566]	[1040162, 155270560]	[31693, 59373566]	[341508, 16569]	[0, 0]
VPA_5	[3578283, 249250621]	[3167724, 243199373]	[2234542, 198022430]	[1572711, 191154276]	[2457381, 180915260]	[2358819, 171115067]	[2348824, 159138663]	[1908849, 146364022]	[1798124, 141213431]	[1378715, 135534747]	[2276904, 135006516]	[2543026, 133851895]	[670145, 115169878]	[3512902, 107349540]	[1132763, 102531392]	[1316989, 90354753]	[2410368, 81195210]	[400660, 78077248]	[837059, 59128983]	[849926, 63025520]	[414141, 48129895]	[573996, 51304566]	[805904, 155270560]	[14449, 59373566]	[182602, 16569]	[0, 0]
VPA_6	[4086735, 249250621]	[3566036, 243199373]	[2605740, 198022430]	[1698859, 191154276]	[2711432, 180915260]	[2662294, 171115067]	[2764568, 159138663]	[2259125, 146364022]	[2361691, 141213431]	[1575605, 135534747]	[2891190, 135006516]	[3124733, 133851895]	[754919, 115169878]	[3896940, 107349540]	[1297576, 102531392]	[1730180, 90354753]	[2180089, 81195210]	[440734, 78077248]	[1007385, 59128983]	[1079713, 63025520]	[585007, 48129895]	[663227, 51304566]	[892162, 155270560]	[22576, 59373566]	[288220, 16569]	[0, 0]
VPA_SIM_1	[4325983, 249250621]	[3798480, 243199373]	[2601144, 198022430]	[1787571, 191154276]	[2870221, 180915260]	[2338921, 171115067]	[2983071, 159138663]	[2394780, 146364022]	[2058141, 141213431]	[1723865, 135534747]	[2961078, 135006516]	[3034732, 133851895]	[791949, 115169878]	[3309480, 107349540]	[1378384, 102531392]	[1922399, 90354753]	[2672010, 81195210]	[472882, 78077248]	[1004150, 59128983]	[1164076, 63025520]	[607275, 48129895]	[698308, 51304566]	[952260, 155270560]	[28883, 59373566]	[315742, 16569]	[0, 0]
VPA_SIM_2	[4462873, 249250621]	[3829107, 243199373]	[2565481, 198022430]	[1794071, 191154276]	[2804980, 180915260]	[1891072, 171115067]	[3033299, 159138663]	[2331668, 146364022]	[1945482, 141213431]	[1700695, 135534747]	[3074612, 135006516]	[2798053, 133851895]	[777430, 115169878]	[3065726, 107349540]	[1333151, 102531392]	[2234177, 90354753]	[2471725, 81195210]	[448250, 78077248]	[1051871, 59128983]	[1351488, 63025520]	[910625, 48129895]	[682340, 51304566]	[983481, 155270560]	[34030, 59373566]	[936498, 16569]	[0, 0]
VPA_SIM_3	[4248735, 249250621]	[3774015, 243199373]	[2592244, 198022430]	[1839987, 191154276]	[2860837, 180915260]	[2363996, 171115067]	[2937838, 159138663]	[2375776, 146364022]	[2075298, 141213431]	[1662636, 135534747]	[2933235, 135006516]	[2997380, 133851895]	[822105, 115169878]	[3457391, 107349540]	[1336416, 102531392]	[1817849, 90354753]	[2607512, 81195210]	[448020, 78077248]	[941993, 59128983]	[1079629, 63025520]	[514542, 48129895]	[657186, 51304566]	[947486, 155270560]	[18034, 59373566]	[293269, 16569]	[0, 0]
VPA_SIM_5	[4687223, 249250621]	[4065302, 243199373]	[3240991, 198022430]	[1917601, 191154276]	[3135971, 180915260]	[2934745, 171115067]	[3165692, 159138663]	[2637577, 146364022]	[2923752, 141213431]	[1801022, 135534747]	[3195623, 135006516]	[3487366, 133851895]	[843026, 115169878]	[6093565, 107349540]	[1482901, 102531392]	[1982169, 90354753]	[3270575, 81195210]	[488684, 78077248]	[1132022, 59128983]	[1177498, 63025520]	[567457, 48129895]	[782680, 51304566]	[1035206, 155270560]	[29393, 59373566]	[337291, 16569]	[0, 0]
VPA_SIM_6	[4609371, 249250621]	[4004816, 243199373]	[2925294, 198022430]	[1925095, 191154276]	[3014561, 180915260]	[2710989, 171115067]	[3143102, 159138663]	[2556036, 146364022]	[2538538, 141213431]	[1811184, 135534747]	[3109124, 135006516]	[3439046, 133851895]	[868753, 115169878]	[5277601, 107349540]	[1466329, 102531392]	[1893441, 90354753]	[2981226, 81195210]	[489358, 78077248]	[1094505, 59128983]	[1162917, 63025520]	[534132, 48129895]	[749820, 51304566]	[1016485, 155270560]	[20155, 59373566]	[276362, 16569]	[0, 0]
VS_GEM_50_TAX_10_1	[4491246, 249250621]	[3722407, 243199373]	[2480461, 198022430]	[1651934, 191154276]	[2602889, 180915260]	[2096876, 171115067]	[3087391, 159138663]	[2341063, 146364022]	[2053731, 141213431]	[1692031, 135534747]	[3053862, 135006516]	[2957575, 133851895]	[785827, 115169878]	[3382750, 107349540]	[1359460, 102531392]	[2287534, 90354753]	[3285410, 81195210]	[430306, 78077248]	[1319917, 59128983]	[1497814, 63025520]	[887937, 48129895]	[839574, 51304566]	[922898, 155270560]	[23926, 59373566]	[607245, 16569]	[0, 0]
VS_GEM_50_TAX_10_2	[4716085, 249250621]	[3960847, 243199373]	[3109145, 198022430]	[1803278, 191154276]	[2938916, 180915260]	[2503601, 171115067]	[3215672, 159138663]	[2522283, 146364022]	[2599406, 141213431]	[1835952, 135534747]	[3194759, 135006516]	[3143626, 133851895]	[793785, 115169878]	[5332792, 107349540]	[1483026, 102531392]	[2171607, 90354753]	[2981605, 81195210]	[481873, 78077248]	[1251607, 59128983]	[1297126, 63025520]	[630258, 48129895]	[805092, 51304566]	[1023395, 155270560]	[23772, 59373566]	[430755, 16569]	[0, 0]
VS_GEM_50_TAX_10_3	[4430393, 249250621]	[3933829, 243199373]	[2913042, 198022430]	[1823012, 191154276]	[2876827, 180915260]	[2664563, 171115067]	[2826082, 159138663]	[2341122, 146364022]	[2500600, 141213431]	[1690461, 135534747]	[2851762, 135006516]	[3136574, 133851895]	[766652, 115169878]	[5043873, 107349540]	[1414042, 102531392]	[1735285, 90354753]	[2762748, 81195210]	[490528, 78077248]	[1009029, 59128983]	[1068823, 63025520]	[496716, 48129895]	[702537, 51304566]	[945881, 155270560]	[28584, 59373566]	[234850, 16569]	[0, 0]
VS_GEM_50_TAX_10_4	[4670282, 249250621]	[4001697, 243199373]	[2951263, 198022430]	[1825587, 191154276]	[2913744, 180915260]	[2674726, 171115067]	[3054336, 159138663]	[2479520, 146364022]	[2809609, 141213431]	[1777815, 135534747]	[3140077, 135006516]	[3568237, 133851895]	[770949, 115169878]	[4988072, 107349540]	[1450027, 102531392]	[2082075, 90354753]	[3491345, 81195210]	[498345, 78077248]	[1137661, 59128983]	[1239366, 63025520]	[636472, 48129895]	[792946, 51304566]	[973845, 155270560]	[43152, 59373566]	[332794, 16569]	[0, 0]
VS_GEM_50_TAX_10_5	[4308663, 249250621]	[3696757, 243199373]	[2549961, 198022430]	[1672500, 191154276]	[2683488, 180915260]	[2315570, 171115067]	[2914645, 159138663]	[2302351, 146364022]	[2228199, 141213431]	[1649963, 135534747]	[2918737, 135006516]	[3045222, 133851895]	[711690, 115169878]	[3598437, 107349540]	[1334729, 102531392]	[2037149, 90354753]	[2788772, 81195210]	[450696, 78077248]	[1071244, 59128983]	[1234929, 63025520]	[650788, 48129895]	[728326, 51304566]	[895843, 155270560]	[40219, 59373566]	[353769, 16569]	[0, 0]
VS_GEM_50_TAX_10_6	[4861067, 249250621]	[4143743, 243199373]	[3305176, 198022430]	[1854743, 191154276]	[3014959, 180915260]	[3036412, 171115067]	[3069627, 159138663]	[2446106, 146364022]	[3057039, 141213431]	[1840725, 135534747]	[3063125, 135006516]	[3386754, 133851895]	[774607, 115169878]	[6066879, 107349540]	[1510671, 102531392]	[1953721, 90354753]	[3989358, 81195210]	[538728, 78077248]	[1176417, 59128983]	[1227438, 63025520]	[594161, 48129895]	[831152, 51304566]	[1030419, 155270560]	[47203, 59373566]	[331062, 16569]	[0, 0]
