Sample	raw_total_sequences	filtered_sequences	sequences	is_sorted	1st_fragments	last_fragments	reads_mapped	reads_mapped_and_paired	reads_unmapped	reads_properly_paired	reads_paired	reads_duplicated	reads_MQ0	reads_QC_failed	non-primary_alignments	supplementary_alignments	total_length	total_first_fragment_length	total_last_fragment_length	bases_mapped	bases_mapped_(cigar)	bases_trimmed	bases_duplicated	mismatches	error_rate	average_length	average_first_fragment_length	average_last_fragment_length	maximum_length	maximum_first_fragment_length	maximum_last_fragment_length	average_quality	insert_size_average	insert_size_standard_deviation	inward_oriented_pairs	outward_oriented_pairs	pairs_with_other_orientation	pairs_on_different_chromosomes	percentage_of_properly_paired_reads_(%)	reads_mapped_percent	reads_mapped_and_paired_percent	reads_unmapped_percent	reads_properly_paired_percent	reads_paired_percent	reads_duplicated_percent	reads_MQ0_percent	reads_QC_failed_percent
CTR_1	39922910.0	0.0	39922910.0	1.0	39922910.0	0.0	39922910.0	0.0	0.0	0.0	0.0	18451855.0	372740.0	0.0	6438636.0	0.0	3945271676.0	3945271676.0	0.0	3945271676.0	3930729313.0	0.0	1823507457.0	18610040.0	0.004734501	98.0	99.0	0.0	100.0	100.0	0.0	36.1	0.0	0.0	0.0	0.0	0.0	0.0	0.0	100.0	0.0	0.0	0.0	0.0	46.21871251369201	0.9336493757594324	0.0
CTR_2	35039494.0	0.0	35039494.0	1.0	35039494.0	0.0	35039494.0	0.0	0.0	0.0	0.0	16166844.0	390457.0	0.0	7353467.0	0.0	3461681023.0	3461681023.0	0.0	3461681023.0	3447981129.0	0.0	1597179187.0	16290509.0	0.004724652	98.0	99.0	0.0	100.0	100.0	0.0	36.1	0.0	0.0	0.0	0.0	0.0	0.0	0.0	100.0	0.0	0.0	0.0	0.0	46.1389197001532	1.114334014069952	0.0
CTR_3	35965946.0	0.0	35965946.0	1.0	35965946.0	0.0	35965946.0	0.0	0.0	0.0	0.0	14800625.0	358687.0	0.0	5015773.0	0.0	3552775506.0	3552775506.0	0.0	3552775506.0	3537486135.0	0.0	1461909420.0	18170628.0	0.005136594	98.0	99.0	0.0	100.0	100.0	0.0	36.0	0.0	0.0	0.0	0.0	0.0	0.0	0.0	100.0	0.0	0.0	0.0	0.0	41.15177451470344	0.9972961645440941	0.0
CTR_4	37034382.0	0.0	37034382.0	1.0	37034382.0	0.0	37034382.0	0.0	0.0	0.0	0.0	18250715.0	426222.0	0.0	6893690.0	0.0	3658224420.0	3658224420.0	0.0	3658224420.0	3636135540.0	0.0	1802524257.0	27090049.0	0.007450231	98.0	99.0	0.0	100.0	100.0	0.0	36.0	0.0	0.0	0.0	0.0	0.0	0.0	0.0	100.0	0.0	0.0	0.0	0.0	49.28046321928633	1.1508819021200354	0.0
CTR_5	47995743.0	0.0	47995743.0	1.0	47995743.0	0.0	47995743.0	0.0	0.0	0.0	0.0	22362037.0	541153.0	0.0	7745924.0	0.0	4741588734.0	4741588734.0	0.0	4741588734.0	4723714478.0	0.0	2208979858.0	20863004.0	0.004416652	98.0	99.0	0.0	100.0	100.0	0.0	36.1	0.0	0.0	0.0	0.0	0.0	0.0	0.0	100.0	0.0	0.0	0.0	0.0	46.591709185541724	1.1275020786739358	0.0
CTR_6	41209936.0	0.0	41209936.0	1.0	41209936.0	0.0	41209936.0	0.0	0.0	0.0	0.0	17115099.0	418636.0	0.0	6066816.0	0.0	4070264505.0	4070264505.0	0.0	4070264505.0	4054981666.0	0.0	1690209886.0	18068592.0	0.0044559	98.0	99.0	0.0	100.0	100.0	0.0	36.1	0.0	0.0	0.0	0.0	0.0	0.0	0.0	100.0	0.0	0.0	0.0	0.0	41.531486484230406	1.0158618057548063	0.0
GEM_50_TAX_10_1	47200293.0	0.0	47200293.0	1.0	47200293.0	0.0	47200293.0	0.0	0.0	0.0	0.0	20967848.0	488311.0	0.0	7304805.0	0.0	4664411460.0	4664411460.0	0.0	4664411460.0	4646557317.0	0.0	2072099169.0	22304270.0	0.004800171	98.0	99.0	0.0	100.0	100.0	0.0	36.1	0.0	0.0	0.0	0.0	0.0	0.0	0.0	100.0	0.0	0.0	0.0	0.0	44.42313101742822	1.0345507812843449	0.0
GEM_50_TAX_10_2	319337201.0	0.0	319337201.0	1.0	319337201.0	0.0	319337201.0	0.0	0.0	0.0	0.0	214560645.0	3686913.0	0.0	56533008.0	0.0	31553724401.0	31553724401.0	0.0	31553724401.0	31432642699.0	0.0	21200382141.0	154876307.0	0.004927244	98.0	99.0	0.0	100.0	100.0	0.0	36.1	0.0	0.0	0.0	0.0	0.0	0.0	0.0	100.0	0.0	0.0	0.0	0.0	67.1893673296147	1.1545516740468955	0.0
GEM_50_TAX_10_3	39407346.0	0.0	39407346.0	1.0	39407346.0	0.0	39407346.0	0.0	0.0	0.0	0.0	16241567.0	324338.0	0.0	5355840.0	0.0	3893906659.0	3893906659.0	0.0	3893906659.0	3878319775.0	0.0	1604862695.0	20011475.0	0.005159831	98.0	99.0	0.0	100.0	100.0	0.0	36.0	0.0	0.0	0.0	0.0	0.0	0.0	0.0	100.0	0.0	0.0	0.0	0.0	41.214566949015044	0.8230394404129626	0.0
GEM_50_TAX_10_5	37105812.0	0.0	37105812.0	1.0	37105812.0	0.0	37105812.0	0.0	0.0	0.0	0.0	15554378.0	281515.0	0.0	4814653.0	0.0	3667157293.0	3667157293.0	0.0	3667157293.0	3653433078.0	0.0	1537299504.0	17263774.0	0.004725357	98.0	99.0	0.0	100.0	100.0	0.0	36.1	0.0	0.0	0.0	0.0	0.0	0.0	0.0	100.0	0.0	0.0	0.0	0.0	41.91898023953768	0.7586816857693345	0.0
GEM_50_TAX_10_6	45172966.0	0.0	45172966.0	1.0	45172966.0	0.0	45172966.0	0.0	0.0	0.0	0.0	20692961.0	448339.0	0.0	7781843.0	0.0	4464016362.0	4464016362.0	0.0	4464016362.0	4446616306.0	0.0	2044922080.0	22247911.0	0.005003335	98.0	99.0	0.0	100.0	100.0	0.0	36.1	0.0	0.0	0.0	0.0	0.0	0.0	0.0	100.0	0.0	0.0	0.0	0.0	45.80828498177428	0.992494050534561	0.0
SIM_1	48895231.0	0.0	48895231.0	1.0	48895231.0	0.0	48895231.0	0.0	0.0	0.0	0.0	22071792.0	655827.0	0.0	9184852.0	0.0	4831373045.0	4831373045.0	0.0	4831373045.0	4813957721.0	0.0	2180932756.0	22110654.0	0.004593031	98.0	99.0	0.0	100.0	100.0	0.0	36.1	0.0	0.0	0.0	0.0	0.0	0.0	0.0	100.0	0.0	0.0	0.0	0.0	45.140991357623406	1.3412903192951475	0.0
SIM_2	46287953.0	0.0	46287953.0	1.0	46287953.0	0.0	46287953.0	0.0	0.0	0.0	0.0	19556031.0	497639.0	0.0	7847366.0	0.0	4572760484.0	4572760484.0	0.0	4572760484.0	4555544664.0	0.0	1931807367.0	21288333.0	0.00467306	98.0	99.0	0.0	100.0	100.0	0.0	36.1	0.0	0.0	0.0	0.0	0.0	0.0	0.0	100.0	0.0	0.0	0.0	0.0	42.248640807252805	1.0750939882781163	0.0
SIM_3	44781247.0	0.0	44781247.0	1.0	44781247.0	0.0	44781247.0	0.0	0.0	0.0	0.0	19518801.0	535025.0	0.0	7921410.0	0.0	4425091525.0	4425091525.0	0.0	4425091525.0	4409317249.0	0.0	1928741543.0	19048554.0	0.004320069	98.0	99.0	0.0	100.0	100.0	0.0	36.1	0.0	0.0	0.0	0.0	0.0	0.0	0.0	100.0	0.0	0.0	0.0	0.0	43.586997476867936	1.1947523480085314	0.0
SIM_4	41508759.0	0.0	41508759.0	1.0	41508759.0	0.0	41508759.0	0.0	0.0	0.0	0.0	16051377.0	388551.0	0.0	5390372.0	0.0	4101945039.0	4101945039.0	0.0	4101945039.0	4087095274.0	0.0	1586277359.0	18519893.0	0.004531309	98.0	99.0	0.0	100.0	100.0	0.0	36.0	0.0	0.0	0.0	0.0	0.0	0.0	0.0	100.0	0.0	0.0	0.0	0.0	38.669855198513645	0.9360699027402867	0.0
SIM_5	38141532.0	0.0	38141532.0	1.0	38141532.0	0.0	38141532.0	0.0	0.0	0.0	0.0	14874062.0	302524.0	0.0	5179654.0	0.0	3769350848.0	3769350848.0	0.0	3769350848.0	3755931546.0	0.0	1469988980.0	16326261.0	0.004346794	98.0	99.0	0.0	100.0	100.0	0.0	36.1	0.0	0.0	0.0	0.0	0.0	0.0	0.0	100.0	0.0	0.0	0.0	0.0	38.997022982716054	0.7931616380799805	0.0
SIM_6	41365600.0	0.0	41365600.0	1.0	41365600.0	0.0	41365600.0	0.0	0.0	0.0	0.0	17863545.0	316911.0	0.0	5629659.0	0.0	4088260902.0	4088260902.0	0.0	4088260902.0	4071737293.0	0.0	1765574120.0	21782085.0	0.00534958	98.0	99.0	0.0	100.0	100.0	0.0	36.1	0.0	0.0	0.0	0.0	0.0	0.0	0.0	100.0	0.0	0.0	0.0	0.0	43.184542228324986	0.7661220917864119	0.0
VPA_1	34922962.0	0.0	34922962.0	1.0	34922962.0	0.0	34922962.0	0.0	0.0	0.0	0.0	16321913.0	529447.0	0.0	8361150.0	0.0	3449292575.0	3449292575.0	0.0	3449292575.0	3434900537.0	0.0	1611839762.0	17706463.0	0.00515487	98.0	99.0	0.0	100.0	100.0	0.0	36.1	0.0	0.0	0.0	0.0	0.0	0.0	0.0	100.0	0.0	0.0	0.0	0.0	46.736909085775714	1.5160426541139322	0.0
VPA_2	35706920.0	0.0	35706920.0	1.0	35706920.0	0.0	35706920.0	0.0	0.0	0.0	0.0	16088162.0	553272.0	0.0	8261668.0	0.0	3526328458.0	3526328458.0	0.0	3526328458.0	3511813651.0	0.0	1588632436.0	16565853.0	0.004717179	98.0	99.0	0.0	100.0	100.0	0.0	36.1	0.0	0.0	0.0	0.0	0.0	0.0	0.0	100.0	0.0	0.0	0.0	0.0	45.05614597954683	1.5494811649954687	0.0
VPA_3	47344116.0	0.0	47344116.0	1.0	47344116.0	0.0	47344116.0	0.0	0.0	0.0	0.0	22587389.0	776782.0	0.0	11198589.0	0.0	4670992496.0	4670992496.0	0.0	4670992496.0	4653291210.0	0.0	2227536103.0	21638251.0	0.004650096	98.0	99.0	0.0	100.0	100.0	0.0	36.1	0.0	0.0	0.0	0.0	0.0	0.0	0.0	100.0	0.0	0.0	0.0	0.0	47.70896767826439	1.6407149729018067	0.0
VPA_4	46208956.0	0.0	46208956.0	1.0	46208956.0	0.0	46208956.0	0.0	0.0	0.0	0.0	19880707.0	494926.0	0.0	6931450.0	0.0	4565302312.0	4565302312.0	0.0	4565302312.0	4548568647.0	0.0	1964106394.0	20370648.0	0.004478475	98.0	99.0	0.0	100.0	100.0	0.0	36.1	0.0	0.0	0.0	0.0	0.0	0.0	0.0	100.0	0.0	0.0	0.0	0.0	43.02349310813254	1.0710607701243022	0.0
VPA_5	35524093.0	0.0	35524093.0	1.0	35524093.0	0.0	35524093.0	0.0	0.0	0.0	0.0	16266519.0	323730.0	0.0	5221713.0	0.0	3510678285.0	3510678285.0	0.0	3510678285.0	3497945198.0	0.0	1607606199.0	15236694.0	0.004355899	98.0	99.0	0.0	100.0	100.0	0.0	36.1	0.0	0.0	0.0	0.0	0.0	0.0	0.0	100.0	0.0	0.0	0.0	0.0	45.790103634736006	0.9112970174917625	0.0
VPA_6	41319850.0	0.0	41319850.0	1.0	41319850.0	0.0	41319850.0	0.0	0.0	0.0	0.0	19306076.0	299667.0	0.0	5826886.0	0.0	4082970270.0	4082970270.0	0.0	4082970270.0	4067446276.0	0.0	1907747118.0	19505433.0	0.004795498	98.0	99.0	0.0	100.0	100.0	0.0	36.1	0.0	0.0	0.0	0.0	0.0	0.0	0.0	100.0	0.0	0.0	0.0	0.0	46.72349004171119	0.7252373859053215	0.0
VPA_SIM_1	42838767.0	0.0	42838767.0	1.0	42838767.0	0.0	42838767.0	0.0	0.0	0.0	0.0	16674332.0	342785.0	0.0	5357018.0	0.0	4233375758.0	4233375758.0	0.0	4233375758.0	4217398939.0	0.0	1647850335.0	20270491.0	0.004806397	98.0	99.0	0.0	100.0	100.0	0.0	36.0	0.0	0.0	0.0	0.0	0.0	0.0	0.0	100.0	0.0	0.0	0.0	0.0	38.92346388027461	0.8001747575974818	0.0
VPA_SIM_2	42928191.0	0.0	42928191.0	1.0	42928191.0	0.0	42928191.0	0.0	0.0	0.0	0.0	20284801.0	377949.0	0.0	5583994.0	0.0	4240352176.0	4240352176.0	0.0	4240352176.0	4219165261.0	0.0	2003696268.0	25787564.0	0.006112006	98.0	99.0	0.0	100.0	100.0	0.0	36.0	0.0	0.0	0.0	0.0	0.0	0.0	0.0	100.0	0.0	0.0	0.0	0.0	47.25286700294452	0.8804214461308187	0.0
VPA_SIM_3	42010389.0	0.0	42010389.0	1.0	42010389.0	0.0	42010389.0	0.0	0.0	0.0	0.0	16904558.0	391257.0	0.0	5593020.0	0.0	4151691403.0	4151691403.0	0.0	4151691403.0	4137578371.0	0.0	1670682589.0	17838743.0	0.004311397	98.0	99.0	0.0	100.0	100.0	0.0	36.0	0.0	0.0	0.0	0.0	0.0	0.0	0.0	100.0	0.0	0.0	0.0	0.0	40.2389942164068	0.931333913618367	0.0
VPA_SIM_5	47432852.0	0.0	47432852.0	1.0	47432852.0	0.0	47432852.0	0.0	0.0	0.0	0.0	21710272.0	598452.0	0.0	8982480.0	0.0	4686633254.0	4686633254.0	0.0	4686633254.0	4669554549.0	0.0	2145050237.0	21420879.0	0.004587349	98.0	99.0	0.0	100.0	100.0	0.0	36.1	0.0	0.0	0.0	0.0	0.0	0.0	0.0	100.0	0.0	0.0	0.0	0.0	45.77053895051472	1.2616825148949509	0.0
VPA_SIM_6	46276694.0	0.0	46276694.0	1.0	46276694.0	0.0	46276694.0	0.0	0.0	0.0	0.0	20268258.0	446432.0	0.0	7341546.0	0.0	4573098758.0	4573098758.0	0.0	4573098758.0	4556804893.0	0.0	2003011756.0	20876737.0	0.004581442	98.0	99.0	0.0	100.0	100.0	0.0	36.1	0.0	0.0	0.0	0.0	0.0	0.0	0.0	100.0	0.0	0.0	0.0	0.0	43.79798176594033	0.9647015839117635	0.0
VS_GEM_50_TAX_10_1	43959117.0	0.0	43959117.0	1.0	43959117.0	0.0	43959117.0	0.0	0.0	0.0	0.0	18772747.0	436904.0	0.0	5902947.0	0.0	4341762537.0	4341762537.0	0.0	4341762537.0	4322164937.0	0.0	1854115260.0	23139026.0	0.005353573	98.0	99.0	0.0	100.0	100.0	0.0	36.1	0.0	0.0	0.0	0.0	0.0	0.0	0.0	100.0	0.0	0.0	0.0	0.0	42.70501384274848	0.993887115612445	0.0
VS_GEM_50_TAX_10_2	46485587.0	0.0	46485587.0	1.0	46485587.0	0.0	46485587.0	0.0	0.0	0.0	0.0	21174455.0	507052.0	0.0	7764676.0	0.0	4592323221.0	4592323221.0	0.0	4592323221.0	4573032323.0	0.0	2091742020.0	24357966.0	0.005326436	98.0	99.0	0.0	100.0	100.0	0.0	36.1	0.0	0.0	0.0	0.0	0.0	0.0	0.0	100.0	0.0	0.0	0.0	0.0	45.550581086563454	1.0907725011625646	0.0
VS_GEM_50_TAX_10_3	43562735.0	0.0	43562735.0	1.0	43562735.0	0.0	43562735.0	0.0	0.0	0.0	0.0	19097717.0	465827.0	0.0	7125080.0	0.0	4304990272.0	4304990272.0	0.0	4304990272.0	4287902726.0	0.0	1887278144.0	22401399.0	0.005224326	98.0	99.0	0.0	100.0	100.0	0.0	36.1	0.0	0.0	0.0	0.0	0.0	0.0	0.0	100.0	0.0	0.0	0.0	0.0	43.83957297447004	1.0693245040744113	0.0
VS_GEM_50_TAX_10_4	46322268.0	0.0	46322268.0	1.0	46322268.0	0.0	46322268.0	0.0	0.0	0.0	0.0	20365104.0	527512.0	0.0	7981674.0	0.0	4576400187.0	4576400187.0	0.0	4576400187.0	4557436774.0	0.0	2011875635.0	24451128.0	0.005365105	98.0	99.0	0.0	100.0	100.0	0.0	36.1	0.0	0.0	0.0	0.0	0.0	0.0	0.0	100.0	0.0	0.0	0.0	0.0	43.963961350078975	1.1387870732063465	0.0
VS_GEM_50_TAX_10_5	42397036.0	0.0	42397036.0	1.0	42397036.0	0.0	42397036.0	0.0	0.0	0.0	0.0	17277493.0	396022.0	0.0	5785611.0	0.0	4188409312.0	4188409312.0	0.0	4188409312.0	4171168601.0	0.0	1706773523.0	21423893.0	0.005136185	98.0	99.0	0.0	100.0	100.0	0.0	36.1	0.0	0.0	0.0	0.0	0.0	0.0	0.0	100.0	0.0	0.0	0.0	0.0	40.75165301649861	0.9340794483840804	0.0
VS_GEM_50_TAX_10_6	47650886.0	0.0	47650886.0	1.0	47650886.0	0.0	47650886.0	0.0	0.0	0.0	0.0	21392845.0	625419.0	0.0	9500406.0	0.0	4706450889.0	4706450889.0	0.0	4706450889.0	4688546752.0	0.0	2112637548.0	23398064.0	0.004990472	98.0	99.0	0.0	100.0	100.0	0.0	36.1	0.0	0.0	0.0	0.0	0.0	0.0	0.0	100.0	0.0	0.0	0.0	0.0	44.89495746207112	1.3125023530517355	0.0
